"id","idCommentaireOriginal","texte","type"
1,0,"Un séjour absolument parfait, merci pour tout !",1
2,1,"Nous sommes ravis de lire votre satisfaction ! Merci d'avoir choisi notre établissement.",1
3,2,"Nous vous remercions chaleureusement pour vos mots et attendons votre retour avec impatience.",1
4,1,"Nous sommes ravis de lire votre satisfaction ! Merci d'avoir choisi notre établissement.",1
5,4,"C'est toujours un plaisir de servir nos clients. À très bientôt !",1
6,0,"Service impeccable, accueil chaleureux, je ne pouvais pas espérer mieux.",1
7,6,"Nous sommes ravis de lire votre satisfaction ! Merci d'avoir choisi notre établissement.",1
8,7,"Nous vous remercions chaleureusement pour vos mots et attendons votre retour avec impatience.",1
9,6,"Nous sommes ravis de lire votre satisfaction ! Merci d'avoir choisi notre établissement.",1
10,9,"Nous vous remercions chaleureusement pour vos mots et attendons votre retour avec impatience.",1
11,0,"Exceptionnel sur tous les points, je recommande vivement.",1
12,11,"Nous sommes ravis de lire votre satisfaction ! Merci d'avoir choisi notre établissement.",1
13,12,"Nous vous remercions chaleureusement pour vos mots et attendons votre retour avec impatience.",1
14,11,"Votre enthousiasme est notre meilleure récompense. Nous avons hâte de vous accueillir à nouveau.",1
15,14,"C'est toujours un plaisir de servir nos clients. À très bientôt !",1
16,0,"Service impeccable, accueil chaleureux, je ne pouvais pas espérer mieux.",1
17,16,"Votre enthousiasme est notre meilleure récompense. Nous avons hâte de vous accueillir à nouveau.",1
18,17,"Nous vous remercions chaleureusement pour vos mots et attendons votre retour avec impatience.",1
19,16,"Votre enthousiasme est notre meilleure récompense. Nous avons hâte de vous accueillir à nouveau.",1
20,19,"Nous vous remercions chaleureusement pour vos mots et attendons votre retour avec impatience.",1
21,0,"Service impeccable, accueil chaleureux, je ne pouvais pas espérer mieux.",1
22,21,"Votre enthousiasme est notre meilleure récompense. Nous avons hâte de vous accueillir à nouveau.",1
23,22,"C'est toujours un plaisir de servir nos clients. À très bientôt !",1
24,21,"Votre enthousiasme est notre meilleure récompense. Nous avons hâte de vous accueillir à nouveau.",1
25,24,"C'est toujours un plaisir de servir nos clients. À très bientôt !",1
26,0,"Service impeccable, accueil chaleureux, je ne pouvais pas espérer mieux.",1
27,26,"Votre enthousiasme est notre meilleure récompense. Nous avons hâte de vous accueillir à nouveau.",1
28,27,"Nous vous remercions chaleureusement pour vos mots et attendons votre retour avec impatience.",1
29,26,"Votre enthousiasme est notre meilleure récompense. Nous avons hâte de vous accueillir à nouveau.",1
30,29,"Nous vous remercions chaleureusement pour vos mots et attendons votre retour avec impatience.",1
31,0,"Exceptionnel sur tous les points, je recommande vivement.",1
32,31,"Nous sommes ravis de lire votre satisfaction ! Merci d'avoir choisi notre établissement.",1
33,32,"Nous vous remercions chaleureusement pour vos mots et attendons votre retour avec impatience.",1
34,31,"Nous sommes ravis de lire votre satisfaction ! Merci d'avoir choisi notre établissement.",1
35,34,"Nous vous remercions chaleureusement pour vos mots et attendons votre retour avec impatience.",1
36,0,"Service impeccable, accueil chaleureux, je ne pouvais pas espérer mieux.",1
37,36,"Votre enthousiasme est notre meilleure récompense. Nous avons hâte de vous accueillir à nouveau.",1
38,37,"Nous vous remercions chaleureusement pour vos mots et attendons votre retour avec impatience.",1
39,36,"Votre enthousiasme est notre meilleure récompense. Nous avons hâte de vous accueillir à nouveau.",1
40,39,"C'est toujours un plaisir de servir nos clients. À très bientôt !",1
41,0,"Service impeccable, accueil chaleureux, je ne pouvais pas espérer mieux.",1
42,41,"Votre enthousiasme est notre meilleure récompense. Nous avons hâte de vous accueillir à nouveau.",1
43,42,"C'est toujours un plaisir de servir nos clients. À très bientôt !",1
44,41,"Nous sommes ravis de lire votre satisfaction ! Merci d'avoir choisi notre établissement.",1
45,44,"Nous vous remercions chaleureusement pour vos mots et attendons votre retour avec impatience.",1
46,0,"Service impeccable, accueil chaleureux, je ne pouvais pas espérer mieux.",1
47,46,"Votre enthousiasme est notre meilleure récompense. Nous avons hâte de vous accueillir à nouveau.",1
48,47,"Nous vous remercions chaleureusement pour vos mots et attendons votre retour avec impatience.",1
49,46,"Nous sommes ravis de lire votre satisfaction ! Merci d'avoir choisi notre établissement.",1
50,49,"C'est toujours un plaisir de servir nos clients. À très bientôt !",1
51,0,"Service impeccable, accueil chaleureux, je ne pouvais pas espérer mieux.",1
52,51,"Nous sommes ravis de lire votre satisfaction ! Merci d'avoir choisi notre établissement.",1
53,52,"C'est toujours un plaisir de servir nos clients. À très bientôt !",1
54,51,"Nous sommes ravis de lire votre satisfaction ! Merci d'avoir choisi notre établissement.",1
55,54,"Nous vous remercions chaleureusement pour vos mots et attendons votre retour avec impatience.",1
56,0,"Exceptionnel sur tous les points, je recommande vivement.",1
57,56,"Nous sommes ravis de lire votre satisfaction ! Merci d'avoir choisi notre établissement.",1
58,57,"Nous vous remercions chaleureusement pour vos mots et attendons votre retour avec impatience.",1
59,56,"Nous sommes ravis de lire votre satisfaction ! Merci d'avoir choisi notre établissement.",1
60,59,"Nous vous remercions chaleureusement pour vos mots et attendons votre retour avec impatience.",1
61,0,"Exceptionnel sur tous les points, je recommande vivement.",1
62,61,"Votre enthousiasme est notre meilleure récompense. Nous avons hâte de vous accueillir à nouveau.",1
63,62,"C'est toujours un plaisir de servir nos clients. À très bientôt !",1
64,61,"Votre enthousiasme est notre meilleure récompense. Nous avons hâte de vous accueillir à nouveau.",1
65,64,"C'est toujours un plaisir de servir nos clients. À très bientôt !",1
66,0,"Service impeccable, accueil chaleureux, je ne pouvais pas espérer mieux.",1
67,66,"Nous sommes ravis de lire votre satisfaction ! Merci d'avoir choisi notre établissement.",1
68,67,"C'est toujours un plaisir de servir nos clients. À très bientôt !",1
69,66,"Nous sommes ravis de lire votre satisfaction ! Merci d'avoir choisi notre établissement.",1
70,69,"C'est toujours un plaisir de servir nos clients. À très bientôt !",1
71,0,"Exceptionnel sur tous les points, je recommande vivement.",1
72,71,"Nous sommes ravis de lire votre satisfaction ! Merci d'avoir choisi notre établissement.",1
73,72,"C'est toujours un plaisir de servir nos clients. À très bientôt !",1
74,71,"Votre enthousiasme est notre meilleure récompense. Nous avons hâte de vous accueillir à nouveau.",1
75,74,"Nous vous remercions chaleureusement pour vos mots et attendons votre retour avec impatience.",1
76,0,"Exceptionnel sur tous les points, je recommande vivement.",1
77,76,"Nous sommes ravis de lire votre satisfaction ! Merci d'avoir choisi notre établissement.",1
78,77,"Nous vous remercions chaleureusement pour vos mots et attendons votre retour avec impatience.",1
79,76,"Nous sommes ravis de lire votre satisfaction ! Merci d'avoir choisi notre établissement.",1
80,79,"Nous vous remercions chaleureusement pour vos mots et attendons votre retour avec impatience.",1
81,0,"Service impeccable, accueil chaleureux, je ne pouvais pas espérer mieux.",1
82,81,"Nous sommes ravis de lire votre satisfaction ! Merci d'avoir choisi notre établissement.",1
83,82,"C'est toujours un plaisir de servir nos clients. À très bientôt !",1
84,81,"Votre enthousiasme est notre meilleure récompense. Nous avons hâte de vous accueillir à nouveau.",1
85,84,"Nous vous remercions chaleureusement pour vos mots et attendons votre retour avec impatience.",1
86,0,"Exceptionnel sur tous les points, je recommande vivement.",1
87,86,"Votre enthousiasme est notre meilleure récompense. Nous avons hâte de vous accueillir à nouveau.",1
88,87,"C'est toujours un plaisir de servir nos clients. À très bientôt !",1
89,86,"Nous sommes ravis de lire votre satisfaction ! Merci d'avoir choisi notre établissement.",1
90,89,"Nous vous remercions chaleureusement pour vos mots et attendons votre retour avec impatience.",1
91,0,"Exceptionnel sur tous les points, je recommande vivement.",1
92,91,"Votre enthousiasme est notre meilleure récompense. Nous avons hâte de vous accueillir à nouveau.",1
93,92,"Nous vous remercions chaleureusement pour vos mots et attendons votre retour avec impatience.",1
94,91,"Votre enthousiasme est notre meilleure récompense. Nous avons hâte de vous accueillir à nouveau.",1
95,94,"Nous vous remercions chaleureusement pour vos mots et attendons votre retour avec impatience.",1
96,0,"Un séjour absolument parfait, merci pour tout !",1
97,96,"Votre enthousiasme est notre meilleure récompense. Nous avons hâte de vous accueillir à nouveau.",1
98,97,"C'est toujours un plaisir de servir nos clients. À très bientôt !",1
99,96,"Votre enthousiasme est notre meilleure récompense. Nous avons hâte de vous accueillir à nouveau.",1
100,99,"Nous vous remercions chaleureusement pour vos mots et attendons votre retour avec impatience.",1
101,0,"Service impeccable, accueil chaleureux, je ne pouvais pas espérer mieux.",1
102,101,"Nous sommes ravis de lire votre satisfaction ! Merci d'avoir choisi notre établissement.",1
103,102,"Nous vous remercions chaleureusement pour vos mots et attendons votre retour avec impatience.",1
104,101,"Votre enthousiasme est notre meilleure récompense. Nous avons hâte de vous accueillir à nouveau.",1
105,104,"Nous vous remercions chaleureusement pour vos mots et attendons votre retour avec impatience.",1
106,0,"Un séjour absolument parfait, merci pour tout !",1
107,106,"Nous sommes ravis de lire votre satisfaction ! Merci d'avoir choisi notre établissement.",1
108,107,"Nous vous remercions chaleureusement pour vos mots et attendons votre retour avec impatience.",1
109,106,"Votre enthousiasme est notre meilleure récompense. Nous avons hâte de vous accueillir à nouveau.",1
110,109,"C'est toujours un plaisir de servir nos clients. À très bientôt !",1
111,0,"Service impeccable, accueil chaleureux, je ne pouvais pas espérer mieux.",1
112,111,"Votre enthousiasme est notre meilleure récompense. Nous avons hâte de vous accueillir à nouveau.",1
113,112,"C'est toujours un plaisir de servir nos clients. À très bientôt !",1
114,111,"Votre enthousiasme est notre meilleure récompense. Nous avons hâte de vous accueillir à nouveau.",1
115,114,"Nous vous remercions chaleureusement pour vos mots et attendons votre retour avec impatience.",1
116,0,"Un séjour absolument parfait, merci pour tout !",1
117,116,"Nous sommes ravis de lire votre satisfaction ! Merci d'avoir choisi notre établissement.",1
118,117,"Nous vous remercions chaleureusement pour vos mots et attendons votre retour avec impatience.",1
119,116,"Nous sommes ravis de lire votre satisfaction ! Merci d'avoir choisi notre établissement.",1
120,119,"Nous vous remercions chaleureusement pour vos mots et attendons votre retour avec impatience.",1
121,0,"Exceptionnel sur tous les points, je recommande vivement.",1
122,121,"Votre enthousiasme est notre meilleure récompense. Nous avons hâte de vous accueillir à nouveau.",1
123,122,"Nous vous remercions chaleureusement pour vos mots et attendons votre retour avec impatience.",1
124,121,"Nous sommes ravis de lire votre satisfaction ! Merci d'avoir choisi notre établissement.",1
125,124,"Nous vous remercions chaleureusement pour vos mots et attendons votre retour avec impatience.",1
126,0,"Service impeccable, accueil chaleureux, je ne pouvais pas espérer mieux.",1
127,126,"Votre enthousiasme est notre meilleure récompense. Nous avons hâte de vous accueillir à nouveau.",1
128,127,"Nous vous remercions chaleureusement pour vos mots et attendons votre retour avec impatience.",1
129,126,"Votre enthousiasme est notre meilleure récompense. Nous avons hâte de vous accueillir à nouveau.",1
130,129,"Nous vous remercions chaleureusement pour vos mots et attendons votre retour avec impatience.",1
131,0,"Service impeccable, accueil chaleureux, je ne pouvais pas espérer mieux.",1
132,131,"Nous sommes ravis de lire votre satisfaction ! Merci d'avoir choisi notre établissement.",1
133,132,"C'est toujours un plaisir de servir nos clients. À très bientôt !",1
134,131,"Nous sommes ravis de lire votre satisfaction ! Merci d'avoir choisi notre établissement.",1
135,134,"Nous vous remercions chaleureusement pour vos mots et attendons votre retour avec impatience.",1
136,0,"Un séjour absolument parfait, merci pour tout !",1
137,136,"Votre enthousiasme est notre meilleure récompense. Nous avons hâte de vous accueillir à nouveau.",1
138,137,"Nous vous remercions chaleureusement pour vos mots et attendons votre retour avec impatience.",1
139,136,"Votre enthousiasme est notre meilleure récompense. Nous avons hâte de vous accueillir à nouveau.",1
140,139,"Nous vous remercions chaleureusement pour vos mots et attendons votre retour avec impatience.",1
141,0,"Service impeccable, accueil chaleureux, je ne pouvais pas espérer mieux.",1
142,141,"Votre enthousiasme est notre meilleure récompense. Nous avons hâte de vous accueillir à nouveau.",1
143,142,"Nous vous remercions chaleureusement pour vos mots et attendons votre retour avec impatience.",1
144,141,"Nous sommes ravis de lire votre satisfaction ! Merci d'avoir choisi notre établissement.",1
145,144,"Nous vous remercions chaleureusement pour vos mots et attendons votre retour avec impatience.",1
146,0,"Un séjour absolument parfait, merci pour tout !",1
147,146,"Nous sommes ravis de lire votre satisfaction ! Merci d'avoir choisi notre établissement.",1
148,147,"C'est toujours un plaisir de servir nos clients. À très bientôt !",1
149,146,"Votre enthousiasme est notre meilleure récompense. Nous avons hâte de vous accueillir à nouveau.",1
150,149,"C'est toujours un plaisir de servir nos clients. À très bientôt !",1
151,0,"Exceptionnel sur tous les points, je recommande vivement.",1
152,151,"Votre enthousiasme est notre meilleure récompense. Nous avons hâte de vous accueillir à nouveau.",1
153,152,"Nous vous remercions chaleureusement pour vos mots et attendons votre retour avec impatience.",1
154,151,"Votre enthousiasme est notre meilleure récompense. Nous avons hâte de vous accueillir à nouveau.",1
155,154,"C'est toujours un plaisir de servir nos clients. À très bientôt !",1
156,0,"Service impeccable, accueil chaleureux, je ne pouvais pas espérer mieux.",1
157,156,"Nous sommes ravis de lire votre satisfaction ! Merci d'avoir choisi notre établissement.",1
158,157,"Nous vous remercions chaleureusement pour vos mots et attendons votre retour avec impatience.",1
159,156,"Votre enthousiasme est notre meilleure récompense. Nous avons hâte de vous accueillir à nouveau.",1
160,159,"Nous vous remercions chaleureusement pour vos mots et attendons votre retour avec impatience.",1
161,0,"Service impeccable, accueil chaleureux, je ne pouvais pas espérer mieux.",1
162,161,"Nous sommes ravis de lire votre satisfaction ! Merci d'avoir choisi notre établissement.",1
163,162,"C'est toujours un plaisir de servir nos clients. À très bientôt !",1
164,161,"Nous sommes ravis de lire votre satisfaction ! Merci d'avoir choisi notre établissement.",1
165,164,"Nous vous remercions chaleureusement pour vos mots et attendons votre retour avec impatience.",1
166,0,"Service impeccable, accueil chaleureux, je ne pouvais pas espérer mieux.",1
167,166,"Votre enthousiasme est notre meilleure récompense. Nous avons hâte de vous accueillir à nouveau.",1
168,167,"C'est toujours un plaisir de servir nos clients. À très bientôt !",1
169,166,"Nous sommes ravis de lire votre satisfaction ! Merci d'avoir choisi notre établissement.",1
170,169,"C'est toujours un plaisir de servir nos clients. À très bientôt !",1
171,0,"Service impeccable, accueil chaleureux, je ne pouvais pas espérer mieux.",1
172,171,"Nous sommes ravis de lire votre satisfaction ! Merci d'avoir choisi notre établissement.",1
173,172,"Nous vous remercions chaleureusement pour vos mots et attendons votre retour avec impatience.",1
174,171,"Nous sommes ravis de lire votre satisfaction ! Merci d'avoir choisi notre établissement.",1
175,174,"Nous vous remercions chaleureusement pour vos mots et attendons votre retour avec impatience.",1
176,0,"Service impeccable, accueil chaleureux, je ne pouvais pas espérer mieux.",1
177,176,"Votre enthousiasme est notre meilleure récompense. Nous avons hâte de vous accueillir à nouveau.",1
178,177,"Nous vous remercions chaleureusement pour vos mots et attendons votre retour avec impatience.",1
179,176,"Nous sommes ravis de lire votre satisfaction ! Merci d'avoir choisi notre établissement.",1
180,179,"C'est toujours un plaisir de servir nos clients. À très bientôt !",1
181,0,"Exceptionnel sur tous les points, je recommande vivement.",1
182,181,"Nous sommes ravis de lire votre satisfaction ! Merci d'avoir choisi notre établissement.",1
183,182,"Nous vous remercions chaleureusement pour vos mots et attendons votre retour avec impatience.",1
184,181,"Votre enthousiasme est notre meilleure récompense. Nous avons hâte de vous accueillir à nouveau.",1
185,184,"C'est toujours un plaisir de servir nos clients. À très bientôt !",1
186,0,"Un séjour absolument parfait, merci pour tout !",1
187,186,"Votre enthousiasme est notre meilleure récompense. Nous avons hâte de vous accueillir à nouveau.",1
188,187,"Nous vous remercions chaleureusement pour vos mots et attendons votre retour avec impatience.",1
189,186,"Votre enthousiasme est notre meilleure récompense. Nous avons hâte de vous accueillir à nouveau.",1
190,189,"Nous vous remercions chaleureusement pour vos mots et attendons votre retour avec impatience.",1
191,0,"Exceptionnel sur tous les points, je recommande vivement.",1
192,191,"Votre enthousiasme est notre meilleure récompense. Nous avons hâte de vous accueillir à nouveau.",1
193,192,"Nous vous remercions chaleureusement pour vos mots et attendons votre retour avec impatience.",1
194,191,"Nous sommes ravis de lire votre satisfaction ! Merci d'avoir choisi notre établissement.",1
195,194,"C'est toujours un plaisir de servir nos clients. À très bientôt !",1
196,0,"Exceptionnel sur tous les points, je recommande vivement.",1
197,196,"Votre enthousiasme est notre meilleure récompense. Nous avons hâte de vous accueillir à nouveau.",1
198,197,"C'est toujours un plaisir de servir nos clients. À très bientôt !",1
199,196,"Nous sommes ravis de lire votre satisfaction ! Merci d'avoir choisi notre établissement.",1
200,199,"C'est toujours un plaisir de servir nos clients. À très bientôt !",1
201,0,"Un séjour absolument parfait, merci pour tout !",1
202,201,"Nous sommes ravis de lire votre satisfaction ! Merci d'avoir choisi notre établissement.",1
203,202,"C'est toujours un plaisir de servir nos clients. À très bientôt !",1
204,201,"Nous sommes ravis de lire votre satisfaction ! Merci d'avoir choisi notre établissement.",1
205,204,"C'est toujours un plaisir de servir nos clients. À très bientôt !",1
206,0,"Exceptionnel sur tous les points, je recommande vivement.",1
207,206,"Votre enthousiasme est notre meilleure récompense. Nous avons hâte de vous accueillir à nouveau.",1
208,207,"Nous vous remercions chaleureusement pour vos mots et attendons votre retour avec impatience.",1
209,206,"Nous sommes ravis de lire votre satisfaction ! Merci d'avoir choisi notre établissement.",1
210,209,"C'est toujours un plaisir de servir nos clients. À très bientôt !",1
211,0,"Un séjour absolument parfait, merci pour tout !",1
212,211,"Nous sommes ravis de lire votre satisfaction ! Merci d'avoir choisi notre établissement.",1
213,212,"C'est toujours un plaisir de servir nos clients. À très bientôt !",1
214,211,"Votre enthousiasme est notre meilleure récompense. Nous avons hâte de vous accueillir à nouveau.",1
215,214,"Nous vous remercions chaleureusement pour vos mots et attendons votre retour avec impatience.",1
216,0,"Un séjour absolument parfait, merci pour tout !",1
217,216,"Votre enthousiasme est notre meilleure récompense. Nous avons hâte de vous accueillir à nouveau.",1
218,217,"C'est toujours un plaisir de servir nos clients. À très bientôt !",1
219,216,"Votre enthousiasme est notre meilleure récompense. Nous avons hâte de vous accueillir à nouveau.",1
220,219,"Nous vous remercions chaleureusement pour vos mots et attendons votre retour avec impatience.",1
221,0,"Un séjour absolument parfait, merci pour tout !",1
222,221,"Votre enthousiasme est notre meilleure récompense. Nous avons hâte de vous accueillir à nouveau.",1
223,222,"Nous vous remercions chaleureusement pour vos mots et attendons votre retour avec impatience.",1
224,221,"Nous sommes ravis de lire votre satisfaction ! Merci d'avoir choisi notre établissement.",1
225,224,"Nous vous remercions chaleureusement pour vos mots et attendons votre retour avec impatience.",1
226,0,"Service impeccable, accueil chaleureux, je ne pouvais pas espérer mieux.",1
227,226,"Nous sommes ravis de lire votre satisfaction ! Merci d'avoir choisi notre établissement.",1
228,227,"C'est toujours un plaisir de servir nos clients. À très bientôt !",1
229,226,"Nous sommes ravis de lire votre satisfaction ! Merci d'avoir choisi notre établissement.",1
230,229,"Nous vous remercions chaleureusement pour vos mots et attendons votre retour avec impatience.",1
231,0,"Un séjour absolument parfait, merci pour tout !",1
232,231,"Votre enthousiasme est notre meilleure récompense. Nous avons hâte de vous accueillir à nouveau.",1
233,232,"Nous vous remercions chaleureusement pour vos mots et attendons votre retour avec impatience.",1
234,231,"Nous sommes ravis de lire votre satisfaction ! Merci d'avoir choisi notre établissement.",1
235,234,"Nous vous remercions chaleureusement pour vos mots et attendons votre retour avec impatience.",1
236,0,"Service impeccable, accueil chaleureux, je ne pouvais pas espérer mieux.",1
237,236,"Nous sommes ravis de lire votre satisfaction ! Merci d'avoir choisi notre établissement.",1
238,237,"Nous vous remercions chaleureusement pour vos mots et attendons votre retour avec impatience.",1
239,236,"Votre enthousiasme est notre meilleure récompense. Nous avons hâte de vous accueillir à nouveau.",1
240,239,"C'est toujours un plaisir de servir nos clients. À très bientôt !",1
241,0,"Un séjour absolument parfait, merci pour tout !",1
242,241,"Votre enthousiasme est notre meilleure récompense. Nous avons hâte de vous accueillir à nouveau.",1
243,242,"Nous vous remercions chaleureusement pour vos mots et attendons votre retour avec impatience.",1
244,241,"Votre enthousiasme est notre meilleure récompense. Nous avons hâte de vous accueillir à nouveau.",1
245,244,"C'est toujours un plaisir de servir nos clients. À très bientôt !",1
246,0,"Exceptionnel sur tous les points, je recommande vivement.",1
247,246,"Nous sommes ravis de lire votre satisfaction ! Merci d'avoir choisi notre établissement.",1
248,247,"Nous vous remercions chaleureusement pour vos mots et attendons votre retour avec impatience.",1
249,246,"Votre enthousiasme est notre meilleure récompense. Nous avons hâte de vous accueillir à nouveau.",1
250,249,"C'est toujours un plaisir de servir nos clients. À très bientôt !",1
251,0,"Un séjour absolument parfait, merci pour tout !",1
252,251,"Votre enthousiasme est notre meilleure récompense. Nous avons hâte de vous accueillir à nouveau.",1
253,252,"C'est toujours un plaisir de servir nos clients. À très bientôt !",1
254,251,"Nous sommes ravis de lire votre satisfaction ! Merci d'avoir choisi notre établissement.",1
255,254,"C'est toujours un plaisir de servir nos clients. À très bientôt !",1
256,0,"Exceptionnel sur tous les points, je recommande vivement.",1
257,256,"Nous sommes ravis de lire votre satisfaction ! Merci d'avoir choisi notre établissement.",1
258,257,"C'est toujours un plaisir de servir nos clients. À très bientôt !",1
259,256,"Nous sommes ravis de lire votre satisfaction ! Merci d'avoir choisi notre établissement.",1
260,259,"Nous vous remercions chaleureusement pour vos mots et attendons votre retour avec impatience.",1
261,0,"Exceptionnel sur tous les points, je recommande vivement.",1
262,261,"Votre enthousiasme est notre meilleure récompense. Nous avons hâte de vous accueillir à nouveau.",1
263,262,"Nous vous remercions chaleureusement pour vos mots et attendons votre retour avec impatience.",1
264,261,"Nous sommes ravis de lire votre satisfaction ! Merci d'avoir choisi notre établissement.",1
265,264,"C'est toujours un plaisir de servir nos clients. À très bientôt !",1
266,0,"Service impeccable, accueil chaleureux, je ne pouvais pas espérer mieux.",1
267,266,"Nous sommes ravis de lire votre satisfaction ! Merci d'avoir choisi notre établissement.",1
268,267,"Nous vous remercions chaleureusement pour vos mots et attendons votre retour avec impatience.",1
269,266,"Votre enthousiasme est notre meilleure récompense. Nous avons hâte de vous accueillir à nouveau.",1
270,269,"C'est toujours un plaisir de servir nos clients. À très bientôt !",1
271,0,"Exceptionnel sur tous les points, je recommande vivement.",1
272,271,"Nous sommes ravis de lire votre satisfaction ! Merci d'avoir choisi notre établissement.",1
273,272,"C'est toujours un plaisir de servir nos clients. À très bientôt !",1
274,271,"Nous sommes ravis de lire votre satisfaction ! Merci d'avoir choisi notre établissement.",1
275,274,"C'est toujours un plaisir de servir nos clients. À très bientôt !",1
276,0,"Exceptionnel sur tous les points, je recommande vivement.",1
277,276,"Votre enthousiasme est notre meilleure récompense. Nous avons hâte de vous accueillir à nouveau.",1
278,277,"C'est toujours un plaisir de servir nos clients. À très bientôt !",1
279,276,"Nous sommes ravis de lire votre satisfaction ! Merci d'avoir choisi notre établissement.",1
280,279,"C'est toujours un plaisir de servir nos clients. À très bientôt !",1
281,0,"Exceptionnel sur tous les points, je recommande vivement.",1
282,281,"Nous sommes ravis de lire votre satisfaction ! Merci d'avoir choisi notre établissement.",1
283,282,"Nous vous remercions chaleureusement pour vos mots et attendons votre retour avec impatience.",1
284,281,"Votre enthousiasme est notre meilleure récompense. Nous avons hâte de vous accueillir à nouveau.",1
285,284,"Nous vous remercions chaleureusement pour vos mots et attendons votre retour avec impatience.",1
286,0,"Un séjour absolument parfait, merci pour tout !",1
287,286,"Nous sommes ravis de lire votre satisfaction ! Merci d'avoir choisi notre établissement.",1
288,287,"C'est toujours un plaisir de servir nos clients. À très bientôt !",1
289,286,"Nous sommes ravis de lire votre satisfaction ! Merci d'avoir choisi notre établissement.",1
290,289,"Nous vous remercions chaleureusement pour vos mots et attendons votre retour avec impatience.",1
291,0,"Service impeccable, accueil chaleureux, je ne pouvais pas espérer mieux.",1
292,291,"Nous sommes ravis de lire votre satisfaction ! Merci d'avoir choisi notre établissement.",1
293,292,"C'est toujours un plaisir de servir nos clients. À très bientôt !",1
294,291,"Nous sommes ravis de lire votre satisfaction ! Merci d'avoir choisi notre établissement.",1
295,294,"C'est toujours un plaisir de servir nos clients. À très bientôt !",1
296,0,"Service impeccable, accueil chaleureux, je ne pouvais pas espérer mieux.",1
297,296,"Votre enthousiasme est notre meilleure récompense. Nous avons hâte de vous accueillir à nouveau.",1
298,297,"C'est toujours un plaisir de servir nos clients. À très bientôt !",1
299,296,"Nous sommes ravis de lire votre satisfaction ! Merci d'avoir choisi notre établissement.",1
300,299,"C'est toujours un plaisir de servir nos clients. À très bientôt !",1
301,0,"Exceptionnel sur tous les points, je recommande vivement.",1
302,301,"Nous sommes ravis de lire votre satisfaction ! Merci d'avoir choisi notre établissement.",1
303,302,"Nous vous remercions chaleureusement pour vos mots et attendons votre retour avec impatience.",1
304,301,"Votre enthousiasme est notre meilleure récompense. Nous avons hâte de vous accueillir à nouveau.",1
305,304,"C'est toujours un plaisir de servir nos clients. À très bientôt !",1
306,0,"Un séjour absolument parfait, merci pour tout !",1
307,306,"Votre enthousiasme est notre meilleure récompense. Nous avons hâte de vous accueillir à nouveau.",1
308,307,"C'est toujours un plaisir de servir nos clients. À très bientôt !",1
309,306,"Nous sommes ravis de lire votre satisfaction ! Merci d'avoir choisi notre établissement.",1
310,309,"C'est toujours un plaisir de servir nos clients. À très bientôt !",1
311,0,"Exceptionnel sur tous les points, je recommande vivement.",1
312,311,"Votre enthousiasme est notre meilleure récompense. Nous avons hâte de vous accueillir à nouveau.",1
313,312,"C'est toujours un plaisir de servir nos clients. À très bientôt !",1
314,311,"Votre enthousiasme est notre meilleure récompense. Nous avons hâte de vous accueillir à nouveau.",1
315,314,"C'est toujours un plaisir de servir nos clients. À très bientôt !",1
316,0,"Service impeccable, accueil chaleureux, je ne pouvais pas espérer mieux.",1
317,316,"Votre enthousiasme est notre meilleure récompense. Nous avons hâte de vous accueillir à nouveau.",1
318,317,"C'est toujours un plaisir de servir nos clients. À très bientôt !",1
319,316,"Nous sommes ravis de lire votre satisfaction ! Merci d'avoir choisi notre établissement.",1
320,319,"C'est toujours un plaisir de servir nos clients. À très bientôt !",1
321,0,"Un séjour absolument parfait, merci pour tout !",1
322,321,"Nous sommes ravis de lire votre satisfaction ! Merci d'avoir choisi notre établissement.",1
323,322,"C'est toujours un plaisir de servir nos clients. À très bientôt !",1
324,321,"Nous sommes ravis de lire votre satisfaction ! Merci d'avoir choisi notre établissement.",1
325,324,"C'est toujours un plaisir de servir nos clients. À très bientôt !",1
326,0,"Un séjour absolument parfait, merci pour tout !",1
327,326,"Votre enthousiasme est notre meilleure récompense. Nous avons hâte de vous accueillir à nouveau.",1
328,327,"C'est toujours un plaisir de servir nos clients. À très bientôt !",1
329,326,"Nous sommes ravis de lire votre satisfaction ! Merci d'avoir choisi notre établissement.",1
330,329,"C'est toujours un plaisir de servir nos clients. À très bientôt !",1
331,0,"Un séjour absolument parfait, merci pour tout !",1
332,331,"Votre enthousiasme est notre meilleure récompense. Nous avons hâte de vous accueillir à nouveau.",1
333,332,"C'est toujours un plaisir de servir nos clients. À très bientôt !",1
334,331,"Votre enthousiasme est notre meilleure récompense. Nous avons hâte de vous accueillir à nouveau.",1
335,334,"C'est toujours un plaisir de servir nos clients. À très bientôt !",1
336,0,"Exceptionnel sur tous les points, je recommande vivement.",1
337,336,"Nous sommes ravis de lire votre satisfaction ! Merci d'avoir choisi notre établissement.",1
338,337,"Nous vous remercions chaleureusement pour vos mots et attendons votre retour avec impatience.",1
339,336,"Votre enthousiasme est notre meilleure récompense. Nous avons hâte de vous accueillir à nouveau.",1
340,339,"Nous vous remercions chaleureusement pour vos mots et attendons votre retour avec impatience.",1
341,0,"Exceptionnel sur tous les points, je recommande vivement.",1
342,341,"Votre enthousiasme est notre meilleure récompense. Nous avons hâte de vous accueillir à nouveau.",1
343,342,"Nous vous remercions chaleureusement pour vos mots et attendons votre retour avec impatience.",1
344,341,"Votre enthousiasme est notre meilleure récompense. Nous avons hâte de vous accueillir à nouveau.",1
345,344,"C'est toujours un plaisir de servir nos clients. À très bientôt !",1
346,0,"Service impeccable, accueil chaleureux, je ne pouvais pas espérer mieux.",1
347,346,"Votre enthousiasme est notre meilleure récompense. Nous avons hâte de vous accueillir à nouveau.",1
348,347,"Nous vous remercions chaleureusement pour vos mots et attendons votre retour avec impatience.",1
349,346,"Votre enthousiasme est notre meilleure récompense. Nous avons hâte de vous accueillir à nouveau.",1
350,349,"C'est toujours un plaisir de servir nos clients. À très bientôt !",1
351,0,"Exceptionnel sur tous les points, je recommande vivement.",1
352,351,"Nous sommes ravis de lire votre satisfaction ! Merci d'avoir choisi notre établissement.",1
353,352,"C'est toujours un plaisir de servir nos clients. À très bientôt !",1
354,351,"Votre enthousiasme est notre meilleure récompense. Nous avons hâte de vous accueillir à nouveau.",1
355,354,"Nous vous remercions chaleureusement pour vos mots et attendons votre retour avec impatience.",1
356,0,"Service impeccable, accueil chaleureux, je ne pouvais pas espérer mieux.",1
357,356,"Nous sommes ravis de lire votre satisfaction ! Merci d'avoir choisi notre établissement.",1
358,357,"Nous vous remercions chaleureusement pour vos mots et attendons votre retour avec impatience.",1
359,356,"Nous sommes ravis de lire votre satisfaction ! Merci d'avoir choisi notre établissement.",1
360,359,"C'est toujours un plaisir de servir nos clients. À très bientôt !",1
361,0,"Exceptionnel sur tous les points, je recommande vivement.",1
362,361,"Nous sommes ravis de lire votre satisfaction ! Merci d'avoir choisi notre établissement.",1
363,362,"Nous vous remercions chaleureusement pour vos mots et attendons votre retour avec impatience.",1
364,361,"Nous sommes ravis de lire votre satisfaction ! Merci d'avoir choisi notre établissement.",1
365,364,"C'est toujours un plaisir de servir nos clients. À très bientôt !",1
366,0,"Service impeccable, accueil chaleureux, je ne pouvais pas espérer mieux.",1
367,366,"Nous sommes ravis de lire votre satisfaction ! Merci d'avoir choisi notre établissement.",1
368,367,"C'est toujours un plaisir de servir nos clients. À très bientôt !",1
369,366,"Votre enthousiasme est notre meilleure récompense. Nous avons hâte de vous accueillir à nouveau.",1
370,369,"C'est toujours un plaisir de servir nos clients. À très bientôt !",1
371,0,"Exceptionnel sur tous les points, je recommande vivement.",1
372,371,"Votre enthousiasme est notre meilleure récompense. Nous avons hâte de vous accueillir à nouveau.",1
373,372,"C'est toujours un plaisir de servir nos clients. À très bientôt !",1
374,371,"Votre enthousiasme est notre meilleure récompense. Nous avons hâte de vous accueillir à nouveau.",1
375,374,"Nous vous remercions chaleureusement pour vos mots et attendons votre retour avec impatience.",1
376,0,"Exceptionnel sur tous les points, je recommande vivement.",1
377,376,"Votre enthousiasme est notre meilleure récompense. Nous avons hâte de vous accueillir à nouveau.",1
378,377,"C'est toujours un plaisir de servir nos clients. À très bientôt !",1
379,376,"Votre enthousiasme est notre meilleure récompense. Nous avons hâte de vous accueillir à nouveau.",1
380,379,"Nous vous remercions chaleureusement pour vos mots et attendons votre retour avec impatience.",1
381,0,"Service impeccable, accueil chaleureux, je ne pouvais pas espérer mieux.",1
382,381,"Votre enthousiasme est notre meilleure récompense. Nous avons hâte de vous accueillir à nouveau.",1
383,382,"C'est toujours un plaisir de servir nos clients. À très bientôt !",1
384,381,"Nous sommes ravis de lire votre satisfaction ! Merci d'avoir choisi notre établissement.",1
385,384,"Nous vous remercions chaleureusement pour vos mots et attendons votre retour avec impatience.",1
386,0,"Un séjour absolument parfait, merci pour tout !",1
387,386,"Votre enthousiasme est notre meilleure récompense. Nous avons hâte de vous accueillir à nouveau.",1
388,387,"C'est toujours un plaisir de servir nos clients. À très bientôt !",1
389,386,"Nous sommes ravis de lire votre satisfaction ! Merci d'avoir choisi notre établissement.",1
390,389,"Nous vous remercions chaleureusement pour vos mots et attendons votre retour avec impatience.",1
391,0,"Exceptionnel sur tous les points, je recommande vivement.",1
392,391,"Votre enthousiasme est notre meilleure récompense. Nous avons hâte de vous accueillir à nouveau.",1
393,392,"C'est toujours un plaisir de servir nos clients. À très bientôt !",1
394,391,"Votre enthousiasme est notre meilleure récompense. Nous avons hâte de vous accueillir à nouveau.",1
395,394,"Nous vous remercions chaleureusement pour vos mots et attendons votre retour avec impatience.",1
396,0,"Service impeccable, accueil chaleureux, je ne pouvais pas espérer mieux.",1
397,396,"Nous sommes ravis de lire votre satisfaction ! Merci d'avoir choisi notre établissement.",1
398,397,"C'est toujours un plaisir de servir nos clients. À très bientôt !",1
399,396,"Votre enthousiasme est notre meilleure récompense. Nous avons hâte de vous accueillir à nouveau.",1
400,399,"C'est toujours un plaisir de servir nos clients. À très bientôt !",1
401,0,"Exceptionnel sur tous les points, je recommande vivement.",1
402,401,"Votre enthousiasme est notre meilleure récompense. Nous avons hâte de vous accueillir à nouveau.",1
403,402,"C'est toujours un plaisir de servir nos clients. À très bientôt !",1
404,401,"Votre enthousiasme est notre meilleure récompense. Nous avons hâte de vous accueillir à nouveau.",1
405,404,"Nous vous remercions chaleureusement pour vos mots et attendons votre retour avec impatience.",1
406,0,"Service impeccable, accueil chaleureux, je ne pouvais pas espérer mieux.",1
407,406,"Nous sommes ravis de lire votre satisfaction ! Merci d'avoir choisi notre établissement.",1
408,407,"Nous vous remercions chaleureusement pour vos mots et attendons votre retour avec impatience.",1
409,406,"Votre enthousiasme est notre meilleure récompense. Nous avons hâte de vous accueillir à nouveau.",1
410,409,"C'est toujours un plaisir de servir nos clients. À très bientôt !",1
411,0,"Un séjour absolument parfait, merci pour tout !",1
412,411,"Nous sommes ravis de lire votre satisfaction ! Merci d'avoir choisi notre établissement.",1
413,412,"Nous vous remercions chaleureusement pour vos mots et attendons votre retour avec impatience.",1
414,411,"Nous sommes ravis de lire votre satisfaction ! Merci d'avoir choisi notre établissement.",1
415,414,"C'est toujours un plaisir de servir nos clients. À très bientôt !",1
416,0,"Un séjour absolument parfait, merci pour tout !",1
417,416,"Votre enthousiasme est notre meilleure récompense. Nous avons hâte de vous accueillir à nouveau.",1
418,417,"Nous vous remercions chaleureusement pour vos mots et attendons votre retour avec impatience.",1
419,416,"Nous sommes ravis de lire votre satisfaction ! Merci d'avoir choisi notre établissement.",1
420,419,"Nous vous remercions chaleureusement pour vos mots et attendons votre retour avec impatience.",1
421,0,"Un séjour absolument parfait, merci pour tout !",1
422,421,"Nous sommes ravis de lire votre satisfaction ! Merci d'avoir choisi notre établissement.",1
423,422,"C'est toujours un plaisir de servir nos clients. À très bientôt !",1
424,421,"Nous sommes ravis de lire votre satisfaction ! Merci d'avoir choisi notre établissement.",1
425,424,"Nous vous remercions chaleureusement pour vos mots et attendons votre retour avec impatience.",1
426,0,"Un séjour absolument parfait, merci pour tout !",1
427,426,"Nous sommes ravis de lire votre satisfaction ! Merci d'avoir choisi notre établissement.",1
428,427,"C'est toujours un plaisir de servir nos clients. À très bientôt !",1
429,426,"Nous sommes ravis de lire votre satisfaction ! Merci d'avoir choisi notre établissement.",1
430,429,"Nous vous remercions chaleureusement pour vos mots et attendons votre retour avec impatience.",1
431,0,"Service impeccable, accueil chaleureux, je ne pouvais pas espérer mieux.",1
432,431,"Votre enthousiasme est notre meilleure récompense. Nous avons hâte de vous accueillir à nouveau.",1
433,432,"C'est toujours un plaisir de servir nos clients. À très bientôt !",1
434,431,"Votre enthousiasme est notre meilleure récompense. Nous avons hâte de vous accueillir à nouveau.",1
435,434,"Nous vous remercions chaleureusement pour vos mots et attendons votre retour avec impatience.",1
436,0,"Service impeccable, accueil chaleureux, je ne pouvais pas espérer mieux.",1
437,436,"Votre enthousiasme est notre meilleure récompense. Nous avons hâte de vous accueillir à nouveau.",1
438,437,"C'est toujours un plaisir de servir nos clients. À très bientôt !",1
439,436,"Nous sommes ravis de lire votre satisfaction ! Merci d'avoir choisi notre établissement.",1
440,439,"Nous vous remercions chaleureusement pour vos mots et attendons votre retour avec impatience.",1
441,0,"Un séjour absolument parfait, merci pour tout !",1
442,441,"Votre enthousiasme est notre meilleure récompense. Nous avons hâte de vous accueillir à nouveau.",1
443,442,"Nous vous remercions chaleureusement pour vos mots et attendons votre retour avec impatience.",1
444,441,"Nous sommes ravis de lire votre satisfaction ! Merci d'avoir choisi notre établissement.",1
445,444,"Nous vous remercions chaleureusement pour vos mots et attendons votre retour avec impatience.",1
446,0,"Exceptionnel sur tous les points, je recommande vivement.",1
447,446,"Votre enthousiasme est notre meilleure récompense. Nous avons hâte de vous accueillir à nouveau.",1
448,447,"Nous vous remercions chaleureusement pour vos mots et attendons votre retour avec impatience.",1
449,446,"Nous sommes ravis de lire votre satisfaction ! Merci d'avoir choisi notre établissement.",1
450,449,"Nous vous remercions chaleureusement pour vos mots et attendons votre retour avec impatience.",1
451,0,"Un séjour absolument parfait, merci pour tout !",1
452,451,"Votre enthousiasme est notre meilleure récompense. Nous avons hâte de vous accueillir à nouveau.",1
453,452,"Nous vous remercions chaleureusement pour vos mots et attendons votre retour avec impatience.",1
454,451,"Nous sommes ravis de lire votre satisfaction ! Merci d'avoir choisi notre établissement.",1
455,454,"Nous vous remercions chaleureusement pour vos mots et attendons votre retour avec impatience.",1
456,0,"Un séjour absolument parfait, merci pour tout !",1
457,456,"Nous sommes ravis de lire votre satisfaction ! Merci d'avoir choisi notre établissement.",1
458,457,"C'est toujours un plaisir de servir nos clients. À très bientôt !",1
459,456,"Votre enthousiasme est notre meilleure récompense. Nous avons hâte de vous accueillir à nouveau.",1
460,459,"C'est toujours un plaisir de servir nos clients. À très bientôt !",1
461,0,"Exceptionnel sur tous les points, je recommande vivement.",1
462,461,"Nous sommes ravis de lire votre satisfaction ! Merci d'avoir choisi notre établissement.",1
463,462,"C'est toujours un plaisir de servir nos clients. À très bientôt !",1
464,461,"Nous sommes ravis de lire votre satisfaction ! Merci d'avoir choisi notre établissement.",1
465,464,"Nous vous remercions chaleureusement pour vos mots et attendons votre retour avec impatience.",1
466,0,"Exceptionnel sur tous les points, je recommande vivement.",1
467,466,"Votre enthousiasme est notre meilleure récompense. Nous avons hâte de vous accueillir à nouveau.",1
468,467,"Nous vous remercions chaleureusement pour vos mots et attendons votre retour avec impatience.",1
469,466,"Nous sommes ravis de lire votre satisfaction ! Merci d'avoir choisi notre établissement.",1
470,469,"C'est toujours un plaisir de servir nos clients. À très bientôt !",1
471,0,"Exceptionnel sur tous les points, je recommande vivement.",1
472,471,"Nous sommes ravis de lire votre satisfaction ! Merci d'avoir choisi notre établissement.",1
473,472,"C'est toujours un plaisir de servir nos clients. À très bientôt !",1
474,471,"Votre enthousiasme est notre meilleure récompense. Nous avons hâte de vous accueillir à nouveau.",1
475,474,"Nous vous remercions chaleureusement pour vos mots et attendons votre retour avec impatience.",1
476,0,"Service impeccable, accueil chaleureux, je ne pouvais pas espérer mieux.",1
477,476,"Nous sommes ravis de lire votre satisfaction ! Merci d'avoir choisi notre établissement.",1
478,477,"C'est toujours un plaisir de servir nos clients. À très bientôt !",1
479,476,"Nous sommes ravis de lire votre satisfaction ! Merci d'avoir choisi notre établissement.",1
480,479,"Nous vous remercions chaleureusement pour vos mots et attendons votre retour avec impatience.",1
481,0,"Exceptionnel sur tous les points, je recommande vivement.",1
482,481,"Votre enthousiasme est notre meilleure récompense. Nous avons hâte de vous accueillir à nouveau.",1
483,482,"C'est toujours un plaisir de servir nos clients. À très bientôt !",1
484,481,"Votre enthousiasme est notre meilleure récompense. Nous avons hâte de vous accueillir à nouveau.",1
485,484,"C'est toujours un plaisir de servir nos clients. À très bientôt !",1
486,0,"Service impeccable, accueil chaleureux, je ne pouvais pas espérer mieux.",1
487,486,"Votre enthousiasme est notre meilleure récompense. Nous avons hâte de vous accueillir à nouveau.",1
488,487,"C'est toujours un plaisir de servir nos clients. À très bientôt !",1
489,486,"Votre enthousiasme est notre meilleure récompense. Nous avons hâte de vous accueillir à nouveau.",1
490,489,"C'est toujours un plaisir de servir nos clients. À très bientôt !",1
491,0,"Service impeccable, accueil chaleureux, je ne pouvais pas espérer mieux.",1
492,491,"Votre enthousiasme est notre meilleure récompense. Nous avons hâte de vous accueillir à nouveau.",1
493,492,"C'est toujours un plaisir de servir nos clients. À très bientôt !",1
494,491,"Votre enthousiasme est notre meilleure récompense. Nous avons hâte de vous accueillir à nouveau.",1
495,494,"Nous vous remercions chaleureusement pour vos mots et attendons votre retour avec impatience.",1
496,0,"Un séjour absolument parfait, merci pour tout !",1
497,496,"Votre enthousiasme est notre meilleure récompense. Nous avons hâte de vous accueillir à nouveau.",1
498,497,"Nous vous remercions chaleureusement pour vos mots et attendons votre retour avec impatience.",1
499,496,"Votre enthousiasme est notre meilleure récompense. Nous avons hâte de vous accueillir à nouveau.",1
500,499,"C'est toujours un plaisir de servir nos clients. À très bientôt !",1
501,0,"Un séjour absolument parfait, merci pour tout !",1
502,501,"Votre enthousiasme est notre meilleure récompense. Nous avons hâte de vous accueillir à nouveau.",1
503,502,"C'est toujours un plaisir de servir nos clients. À très bientôt !",1
504,501,"Votre enthousiasme est notre meilleure récompense. Nous avons hâte de vous accueillir à nouveau.",1
505,504,"Nous vous remercions chaleureusement pour vos mots et attendons votre retour avec impatience.",1
506,0,"Un séjour absolument parfait, merci pour tout !",1
507,506,"Votre enthousiasme est notre meilleure récompense. Nous avons hâte de vous accueillir à nouveau.",1
508,507,"C'est toujours un plaisir de servir nos clients. À très bientôt !",1
509,506,"Votre enthousiasme est notre meilleure récompense. Nous avons hâte de vous accueillir à nouveau.",1
510,509,"C'est toujours un plaisir de servir nos clients. À très bientôt !",1
511,0,"Service impeccable, accueil chaleureux, je ne pouvais pas espérer mieux.",1
512,511,"Votre enthousiasme est notre meilleure récompense. Nous avons hâte de vous accueillir à nouveau.",1
513,512,"Nous vous remercions chaleureusement pour vos mots et attendons votre retour avec impatience.",1
514,511,"Votre enthousiasme est notre meilleure récompense. Nous avons hâte de vous accueillir à nouveau.",1
515,514,"C'est toujours un plaisir de servir nos clients. À très bientôt !",1
516,0,"Service impeccable, accueil chaleureux, je ne pouvais pas espérer mieux.",1
517,516,"Nous sommes ravis de lire votre satisfaction ! Merci d'avoir choisi notre établissement.",1
518,517,"Nous vous remercions chaleureusement pour vos mots et attendons votre retour avec impatience.",1
519,516,"Nous sommes ravis de lire votre satisfaction ! Merci d'avoir choisi notre établissement.",1
520,519,"C'est toujours un plaisir de servir nos clients. À très bientôt !",1
521,0,"Service impeccable, accueil chaleureux, je ne pouvais pas espérer mieux.",1
522,521,"Votre enthousiasme est notre meilleure récompense. Nous avons hâte de vous accueillir à nouveau.",1
523,522,"C'est toujours un plaisir de servir nos clients. À très bientôt !",1
524,521,"Votre enthousiasme est notre meilleure récompense. Nous avons hâte de vous accueillir à nouveau.",1
525,524,"C'est toujours un plaisir de servir nos clients. À très bientôt !",1
526,0,"Service impeccable, accueil chaleureux, je ne pouvais pas espérer mieux.",1
527,526,"Nous sommes ravis de lire votre satisfaction ! Merci d'avoir choisi notre établissement.",1
528,527,"C'est toujours un plaisir de servir nos clients. À très bientôt !",1
529,526,"Votre enthousiasme est notre meilleure récompense. Nous avons hâte de vous accueillir à nouveau.",1
530,529,"C'est toujours un plaisir de servir nos clients. À très bientôt !",1
531,0,"Exceptionnel sur tous les points, je recommande vivement.",1
532,531,"Votre enthousiasme est notre meilleure récompense. Nous avons hâte de vous accueillir à nouveau.",1
533,532,"Nous vous remercions chaleureusement pour vos mots et attendons votre retour avec impatience.",1
534,531,"Nous sommes ravis de lire votre satisfaction ! Merci d'avoir choisi notre établissement.",1
535,534,"Nous vous remercions chaleureusement pour vos mots et attendons votre retour avec impatience.",1
536,0,"Exceptionnel sur tous les points, je recommande vivement.",1
537,536,"Nous sommes ravis de lire votre satisfaction ! Merci d'avoir choisi notre établissement.",1
538,537,"C'est toujours un plaisir de servir nos clients. À très bientôt !",1
539,536,"Nous sommes ravis de lire votre satisfaction ! Merci d'avoir choisi notre établissement.",1
540,539,"Nous vous remercions chaleureusement pour vos mots et attendons votre retour avec impatience.",1
541,0,"Exceptionnel sur tous les points, je recommande vivement.",1
542,541,"Nous sommes ravis de lire votre satisfaction ! Merci d'avoir choisi notre établissement.",1
543,542,"Nous vous remercions chaleureusement pour vos mots et attendons votre retour avec impatience.",1
544,541,"Nous sommes ravis de lire votre satisfaction ! Merci d'avoir choisi notre établissement.",1
545,544,"Nous vous remercions chaleureusement pour vos mots et attendons votre retour avec impatience.",1
546,0,"Un séjour absolument parfait, merci pour tout !",1
547,546,"Nous sommes ravis de lire votre satisfaction ! Merci d'avoir choisi notre établissement.",1
548,547,"Nous vous remercions chaleureusement pour vos mots et attendons votre retour avec impatience.",1
549,546,"Votre enthousiasme est notre meilleure récompense. Nous avons hâte de vous accueillir à nouveau.",1
550,549,"C'est toujours un plaisir de servir nos clients. À très bientôt !",1
551,0,"Un séjour absolument parfait, merci pour tout !",1
552,551,"Votre enthousiasme est notre meilleure récompense. Nous avons hâte de vous accueillir à nouveau.",1
553,552,"C'est toujours un plaisir de servir nos clients. À très bientôt !",1
554,551,"Votre enthousiasme est notre meilleure récompense. Nous avons hâte de vous accueillir à nouveau.",1
555,554,"C'est toujours un plaisir de servir nos clients. À très bientôt !",1
556,0,"Un séjour absolument parfait, merci pour tout !",1
557,556,"Nous sommes ravis de lire votre satisfaction ! Merci d'avoir choisi notre établissement.",1
558,557,"C'est toujours un plaisir de servir nos clients. À très bientôt !",1
559,556,"Nous sommes ravis de lire votre satisfaction ! Merci d'avoir choisi notre établissement.",1
560,559,"Nous vous remercions chaleureusement pour vos mots et attendons votre retour avec impatience.",1
561,0,"Service impeccable, accueil chaleureux, je ne pouvais pas espérer mieux.",1
562,561,"Nous sommes ravis de lire votre satisfaction ! Merci d'avoir choisi notre établissement.",1
563,562,"C'est toujours un plaisir de servir nos clients. À très bientôt !",1
564,561,"Nous sommes ravis de lire votre satisfaction ! Merci d'avoir choisi notre établissement.",1
565,564,"C'est toujours un plaisir de servir nos clients. À très bientôt !",1
566,0,"Un séjour absolument parfait, merci pour tout !",1
567,566,"Votre enthousiasme est notre meilleure récompense. Nous avons hâte de vous accueillir à nouveau.",1
568,567,"Nous vous remercions chaleureusement pour vos mots et attendons votre retour avec impatience.",1
569,566,"Votre enthousiasme est notre meilleure récompense. Nous avons hâte de vous accueillir à nouveau.",1
570,569,"Nous vous remercions chaleureusement pour vos mots et attendons votre retour avec impatience.",1
571,0,"Service impeccable, accueil chaleureux, je ne pouvais pas espérer mieux.",1
572,571,"Votre enthousiasme est notre meilleure récompense. Nous avons hâte de vous accueillir à nouveau.",1
573,572,"C'est toujours un plaisir de servir nos clients. À très bientôt !",1
574,571,"Votre enthousiasme est notre meilleure récompense. Nous avons hâte de vous accueillir à nouveau.",1
575,574,"C'est toujours un plaisir de servir nos clients. À très bientôt !",1
576,0,"Exceptionnel sur tous les points, je recommande vivement.",1
577,576,"Nous sommes ravis de lire votre satisfaction ! Merci d'avoir choisi notre établissement.",1
578,577,"C'est toujours un plaisir de servir nos clients. À très bientôt !",1
579,576,"Nous sommes ravis de lire votre satisfaction ! Merci d'avoir choisi notre établissement.",1
580,579,"Nous vous remercions chaleureusement pour vos mots et attendons votre retour avec impatience.",1
581,0,"Service impeccable, accueil chaleureux, je ne pouvais pas espérer mieux.",1
582,581,"Votre enthousiasme est notre meilleure récompense. Nous avons hâte de vous accueillir à nouveau.",1
583,582,"Nous vous remercions chaleureusement pour vos mots et attendons votre retour avec impatience.",1
584,581,"Votre enthousiasme est notre meilleure récompense. Nous avons hâte de vous accueillir à nouveau.",1
585,584,"Nous vous remercions chaleureusement pour vos mots et attendons votre retour avec impatience.",1
586,0,"Service impeccable, accueil chaleureux, je ne pouvais pas espérer mieux.",1
587,586,"Votre enthousiasme est notre meilleure récompense. Nous avons hâte de vous accueillir à nouveau.",1
588,587,"C'est toujours un plaisir de servir nos clients. À très bientôt !",1
589,586,"Votre enthousiasme est notre meilleure récompense. Nous avons hâte de vous accueillir à nouveau.",1
590,589,"Nous vous remercions chaleureusement pour vos mots et attendons votre retour avec impatience.",1
591,0,"Un séjour absolument parfait, merci pour tout !",1
592,591,"Votre enthousiasme est notre meilleure récompense. Nous avons hâte de vous accueillir à nouveau.",1
593,592,"Nous vous remercions chaleureusement pour vos mots et attendons votre retour avec impatience.",1
594,591,"Votre enthousiasme est notre meilleure récompense. Nous avons hâte de vous accueillir à nouveau.",1
595,594,"C'est toujours un plaisir de servir nos clients. À très bientôt !",1
596,0,"Exceptionnel sur tous les points, je recommande vivement.",1
597,596,"Nous sommes ravis de lire votre satisfaction ! Merci d'avoir choisi notre établissement.",1
598,597,"Nous vous remercions chaleureusement pour vos mots et attendons votre retour avec impatience.",1
599,596,"Votre enthousiasme est notre meilleure récompense. Nous avons hâte de vous accueillir à nouveau.",1
600,599,"C'est toujours un plaisir de servir nos clients. À très bientôt !",1
601,0,"Service impeccable, accueil chaleureux, je ne pouvais pas espérer mieux.",1
602,601,"Votre enthousiasme est notre meilleure récompense. Nous avons hâte de vous accueillir à nouveau.",1
603,602,"Nous vous remercions chaleureusement pour vos mots et attendons votre retour avec impatience.",1
604,601,"Votre enthousiasme est notre meilleure récompense. Nous avons hâte de vous accueillir à nouveau.",1
605,604,"Nous vous remercions chaleureusement pour vos mots et attendons votre retour avec impatience.",1
606,0,"Exceptionnel sur tous les points, je recommande vivement.",1
607,606,"Nous sommes ravis de lire votre satisfaction ! Merci d'avoir choisi notre établissement.",1
608,607,"C'est toujours un plaisir de servir nos clients. À très bientôt !",1
609,606,"Votre enthousiasme est notre meilleure récompense. Nous avons hâte de vous accueillir à nouveau.",1
610,609,"C'est toujours un plaisir de servir nos clients. À très bientôt !",1
611,0,"Exceptionnel sur tous les points, je recommande vivement.",1
612,611,"Nous sommes ravis de lire votre satisfaction ! Merci d'avoir choisi notre établissement.",1
613,612,"C'est toujours un plaisir de servir nos clients. À très bientôt !",1
614,611,"Nous sommes ravis de lire votre satisfaction ! Merci d'avoir choisi notre établissement.",1
615,614,"C'est toujours un plaisir de servir nos clients. À très bientôt !",1
616,0,"Service impeccable, accueil chaleureux, je ne pouvais pas espérer mieux.",1
617,616,"Votre enthousiasme est notre meilleure récompense. Nous avons hâte de vous accueillir à nouveau.",1
618,617,"C'est toujours un plaisir de servir nos clients. À très bientôt !",1
619,616,"Votre enthousiasme est notre meilleure récompense. Nous avons hâte de vous accueillir à nouveau.",1
620,619,"C'est toujours un plaisir de servir nos clients. À très bientôt !",1
621,0,"Service impeccable, accueil chaleureux, je ne pouvais pas espérer mieux.",1
622,621,"Nous sommes ravis de lire votre satisfaction ! Merci d'avoir choisi notre établissement.",1
623,622,"Nous vous remercions chaleureusement pour vos mots et attendons votre retour avec impatience.",1
624,621,"Votre enthousiasme est notre meilleure récompense. Nous avons hâte de vous accueillir à nouveau.",1
625,624,"C'est toujours un plaisir de servir nos clients. À très bientôt !",1
626,0,"Service impeccable, accueil chaleureux, je ne pouvais pas espérer mieux.",1
627,626,"Votre enthousiasme est notre meilleure récompense. Nous avons hâte de vous accueillir à nouveau.",1
628,627,"C'est toujours un plaisir de servir nos clients. À très bientôt !",1
629,626,"Nous sommes ravis de lire votre satisfaction ! Merci d'avoir choisi notre établissement.",1
630,629,"Nous vous remercions chaleureusement pour vos mots et attendons votre retour avec impatience.",1
631,0,"Service impeccable, accueil chaleureux, je ne pouvais pas espérer mieux.",1
632,631,"Nous sommes ravis de lire votre satisfaction ! Merci d'avoir choisi notre établissement.",1
633,632,"Nous vous remercions chaleureusement pour vos mots et attendons votre retour avec impatience.",1
634,631,"Nous sommes ravis de lire votre satisfaction ! Merci d'avoir choisi notre établissement.",1
635,634,"Nous vous remercions chaleureusement pour vos mots et attendons votre retour avec impatience.",1
636,0,"Service impeccable, accueil chaleureux, je ne pouvais pas espérer mieux.",1
637,636,"Nous sommes ravis de lire votre satisfaction ! Merci d'avoir choisi notre établissement.",1
638,637,"Nous vous remercions chaleureusement pour vos mots et attendons votre retour avec impatience.",1
639,636,"Votre enthousiasme est notre meilleure récompense. Nous avons hâte de vous accueillir à nouveau.",1
640,639,"C'est toujours un plaisir de servir nos clients. À très bientôt !",1
641,0,"Exceptionnel sur tous les points, je recommande vivement.",1
642,641,"Votre enthousiasme est notre meilleure récompense. Nous avons hâte de vous accueillir à nouveau.",1
643,642,"C'est toujours un plaisir de servir nos clients. À très bientôt !",1
644,641,"Votre enthousiasme est notre meilleure récompense. Nous avons hâte de vous accueillir à nouveau.",1
645,644,"Nous vous remercions chaleureusement pour vos mots et attendons votre retour avec impatience.",1
646,0,"Service impeccable, accueil chaleureux, je ne pouvais pas espérer mieux.",1
647,646,"Votre enthousiasme est notre meilleure récompense. Nous avons hâte de vous accueillir à nouveau.",1
648,647,"C'est toujours un plaisir de servir nos clients. À très bientôt !",1
649,646,"Votre enthousiasme est notre meilleure récompense. Nous avons hâte de vous accueillir à nouveau.",1
650,649,"C'est toujours un plaisir de servir nos clients. À très bientôt !",1
651,0,"Un séjour absolument parfait, merci pour tout !",1
652,651,"Votre enthousiasme est notre meilleure récompense. Nous avons hâte de vous accueillir à nouveau.",1
653,652,"Nous vous remercions chaleureusement pour vos mots et attendons votre retour avec impatience.",1
654,651,"Votre enthousiasme est notre meilleure récompense. Nous avons hâte de vous accueillir à nouveau.",1
655,654,"Nous vous remercions chaleureusement pour vos mots et attendons votre retour avec impatience.",1
656,0,"Un séjour absolument parfait, merci pour tout !",1
657,656,"Nous sommes ravis de lire votre satisfaction ! Merci d'avoir choisi notre établissement.",1
658,657,"Nous vous remercions chaleureusement pour vos mots et attendons votre retour avec impatience.",1
659,656,"Nous sommes ravis de lire votre satisfaction ! Merci d'avoir choisi notre établissement.",1
660,659,"C'est toujours un plaisir de servir nos clients. À très bientôt !",1
661,0,"Un séjour absolument parfait, merci pour tout !",1
662,661,"Nous sommes ravis de lire votre satisfaction ! Merci d'avoir choisi notre établissement.",1
663,662,"C'est toujours un plaisir de servir nos clients. À très bientôt !",1
664,661,"Votre enthousiasme est notre meilleure récompense. Nous avons hâte de vous accueillir à nouveau.",1
665,664,"C'est toujours un plaisir de servir nos clients. À très bientôt !",1
666,0,"Exceptionnel sur tous les points, je recommande vivement.",1
667,666,"Votre enthousiasme est notre meilleure récompense. Nous avons hâte de vous accueillir à nouveau.",1
668,667,"C'est toujours un plaisir de servir nos clients. À très bientôt !",1
669,666,"Nous sommes ravis de lire votre satisfaction ! Merci d'avoir choisi notre établissement.",1
670,669,"C'est toujours un plaisir de servir nos clients. À très bientôt !",1
671,0,"Un séjour absolument parfait, merci pour tout !",1
672,671,"Votre enthousiasme est notre meilleure récompense. Nous avons hâte de vous accueillir à nouveau.",1
673,672,"C'est toujours un plaisir de servir nos clients. À très bientôt !",1
674,671,"Nous sommes ravis de lire votre satisfaction ! Merci d'avoir choisi notre établissement.",1
675,674,"C'est toujours un plaisir de servir nos clients. À très bientôt !",1
676,0,"Exceptionnel sur tous les points, je recommande vivement.",1
677,676,"Votre enthousiasme est notre meilleure récompense. Nous avons hâte de vous accueillir à nouveau.",1
678,677,"C'est toujours un plaisir de servir nos clients. À très bientôt !",1
679,676,"Nous sommes ravis de lire votre satisfaction ! Merci d'avoir choisi notre établissement.",1
680,679,"Nous vous remercions chaleureusement pour vos mots et attendons votre retour avec impatience.",1
681,0,"Un séjour absolument parfait, merci pour tout !",1
682,681,"Nous sommes ravis de lire votre satisfaction ! Merci d'avoir choisi notre établissement.",1
683,682,"Nous vous remercions chaleureusement pour vos mots et attendons votre retour avec impatience.",1
684,681,"Nous sommes ravis de lire votre satisfaction ! Merci d'avoir choisi notre établissement.",1
685,684,"Nous vous remercions chaleureusement pour vos mots et attendons votre retour avec impatience.",1
686,0,"Exceptionnel sur tous les points, je recommande vivement.",1
687,686,"Votre enthousiasme est notre meilleure récompense. Nous avons hâte de vous accueillir à nouveau.",1
688,687,"C'est toujours un plaisir de servir nos clients. À très bientôt !",1
689,686,"Nous sommes ravis de lire votre satisfaction ! Merci d'avoir choisi notre établissement.",1
690,689,"C'est toujours un plaisir de servir nos clients. À très bientôt !",1
691,0,"Un séjour absolument parfait, merci pour tout !",1
692,691,"Votre enthousiasme est notre meilleure récompense. Nous avons hâte de vous accueillir à nouveau.",1
693,692,"Nous vous remercions chaleureusement pour vos mots et attendons votre retour avec impatience.",1
694,691,"Nous sommes ravis de lire votre satisfaction ! Merci d'avoir choisi notre établissement.",1
695,694,"C'est toujours un plaisir de servir nos clients. À très bientôt !",1
696,0,"Exceptionnel sur tous les points, je recommande vivement.",1
697,696,"Votre enthousiasme est notre meilleure récompense. Nous avons hâte de vous accueillir à nouveau.",1
698,697,"C'est toujours un plaisir de servir nos clients. À très bientôt !",1
699,696,"Nous sommes ravis de lire votre satisfaction ! Merci d'avoir choisi notre établissement.",1
700,699,"Nous vous remercions chaleureusement pour vos mots et attendons votre retour avec impatience.",1
701,0,"Exceptionnel sur tous les points, je recommande vivement.",1
702,701,"Nous sommes ravis de lire votre satisfaction ! Merci d'avoir choisi notre établissement.",1
703,702,"Nous vous remercions chaleureusement pour vos mots et attendons votre retour avec impatience.",1
704,701,"Votre enthousiasme est notre meilleure récompense. Nous avons hâte de vous accueillir à nouveau.",1
705,704,"C'est toujours un plaisir de servir nos clients. À très bientôt !",1
706,0,"Un séjour absolument parfait, merci pour tout !",1
707,706,"Nous sommes ravis de lire votre satisfaction ! Merci d'avoir choisi notre établissement.",1
708,707,"Nous vous remercions chaleureusement pour vos mots et attendons votre retour avec impatience.",1
709,706,"Votre enthousiasme est notre meilleure récompense. Nous avons hâte de vous accueillir à nouveau.",1
710,709,"C'est toujours un plaisir de servir nos clients. À très bientôt !",1
711,0,"Un séjour absolument parfait, merci pour tout !",1
712,711,"Votre enthousiasme est notre meilleure récompense. Nous avons hâte de vous accueillir à nouveau.",1
713,712,"C'est toujours un plaisir de servir nos clients. À très bientôt !",1
714,711,"Nous sommes ravis de lire votre satisfaction ! Merci d'avoir choisi notre établissement.",1
715,714,"C'est toujours un plaisir de servir nos clients. À très bientôt !",1
716,0,"Service impeccable, accueil chaleureux, je ne pouvais pas espérer mieux.",1
717,716,"Nous sommes ravis de lire votre satisfaction ! Merci d'avoir choisi notre établissement.",1
718,717,"C'est toujours un plaisir de servir nos clients. À très bientôt !",1
719,716,"Votre enthousiasme est notre meilleure récompense. Nous avons hâte de vous accueillir à nouveau.",1
720,719,"C'est toujours un plaisir de servir nos clients. À très bientôt !",1
721,0,"Exceptionnel sur tous les points, je recommande vivement.",1
722,721,"Nous sommes ravis de lire votre satisfaction ! Merci d'avoir choisi notre établissement.",1
723,722,"Nous vous remercions chaleureusement pour vos mots et attendons votre retour avec impatience.",1
724,721,"Nous sommes ravis de lire votre satisfaction ! Merci d'avoir choisi notre établissement.",1
725,724,"Nous vous remercions chaleureusement pour vos mots et attendons votre retour avec impatience.",1
726,0,"Service impeccable, accueil chaleureux, je ne pouvais pas espérer mieux.",1
727,726,"Nous sommes ravis de lire votre satisfaction ! Merci d'avoir choisi notre établissement.",1
728,727,"C'est toujours un plaisir de servir nos clients. À très bientôt !",1
729,726,"Nous sommes ravis de lire votre satisfaction ! Merci d'avoir choisi notre établissement.",1
730,729,"C'est toujours un plaisir de servir nos clients. À très bientôt !",1
731,0,"Un séjour absolument parfait, merci pour tout !",1
732,731,"Nous sommes ravis de lire votre satisfaction ! Merci d'avoir choisi notre établissement.",1
733,732,"C'est toujours un plaisir de servir nos clients. À très bientôt !",1
734,731,"Votre enthousiasme est notre meilleure récompense. Nous avons hâte de vous accueillir à nouveau.",1
735,734,"C'est toujours un plaisir de servir nos clients. À très bientôt !",1
736,0,"Service impeccable, accueil chaleureux, je ne pouvais pas espérer mieux.",1
737,736,"Nous sommes ravis de lire votre satisfaction ! Merci d'avoir choisi notre établissement.",1
738,737,"Nous vous remercions chaleureusement pour vos mots et attendons votre retour avec impatience.",1
739,736,"Votre enthousiasme est notre meilleure récompense. Nous avons hâte de vous accueillir à nouveau.",1
740,739,"C'est toujours un plaisir de servir nos clients. À très bientôt !",1
741,0,"Exceptionnel sur tous les points, je recommande vivement.",1
742,741,"Nous sommes ravis de lire votre satisfaction ! Merci d'avoir choisi notre établissement.",1
743,742,"C'est toujours un plaisir de servir nos clients. À très bientôt !",1
744,741,"Nous sommes ravis de lire votre satisfaction ! Merci d'avoir choisi notre établissement.",1
745,744,"C'est toujours un plaisir de servir nos clients. À très bientôt !",1
746,0,"Un séjour absolument parfait, merci pour tout !",1
747,746,"Votre enthousiasme est notre meilleure récompense. Nous avons hâte de vous accueillir à nouveau.",1
748,747,"Nous vous remercions chaleureusement pour vos mots et attendons votre retour avec impatience.",1
749,746,"Nous sommes ravis de lire votre satisfaction ! Merci d'avoir choisi notre établissement.",1
750,749,"Nous vous remercions chaleureusement pour vos mots et attendons votre retour avec impatience.",1
751,0,"Service impeccable, accueil chaleureux, je ne pouvais pas espérer mieux.",1
752,751,"Votre enthousiasme est notre meilleure récompense. Nous avons hâte de vous accueillir à nouveau.",1
753,752,"Nous vous remercions chaleureusement pour vos mots et attendons votre retour avec impatience.",1
754,751,"Votre enthousiasme est notre meilleure récompense. Nous avons hâte de vous accueillir à nouveau.",1
755,754,"C'est toujours un plaisir de servir nos clients. À très bientôt !",1
756,0,"Un séjour absolument parfait, merci pour tout !",1
757,756,"Nous sommes ravis de lire votre satisfaction ! Merci d'avoir choisi notre établissement.",1
758,757,"C'est toujours un plaisir de servir nos clients. À très bientôt !",1
759,756,"Votre enthousiasme est notre meilleure récompense. Nous avons hâte de vous accueillir à nouveau.",1
760,759,"Nous vous remercions chaleureusement pour vos mots et attendons votre retour avec impatience.",1
761,0,"Service impeccable, accueil chaleureux, je ne pouvais pas espérer mieux.",1
762,761,"Nous sommes ravis de lire votre satisfaction ! Merci d'avoir choisi notre établissement.",1
763,762,"Nous vous remercions chaleureusement pour vos mots et attendons votre retour avec impatience.",1
764,761,"Votre enthousiasme est notre meilleure récompense. Nous avons hâte de vous accueillir à nouveau.",1
765,764,"C'est toujours un plaisir de servir nos clients. À très bientôt !",1
766,0,"Exceptionnel sur tous les points, je recommande vivement.",1
767,766,"Nous sommes ravis de lire votre satisfaction ! Merci d'avoir choisi notre établissement.",1
768,767,"C'est toujours un plaisir de servir nos clients. À très bientôt !",1
769,766,"Nous sommes ravis de lire votre satisfaction ! Merci d'avoir choisi notre établissement.",1
770,769,"Nous vous remercions chaleureusement pour vos mots et attendons votre retour avec impatience.",1
771,0,"Un séjour absolument parfait, merci pour tout !",1
772,771,"Votre enthousiasme est notre meilleure récompense. Nous avons hâte de vous accueillir à nouveau.",1
773,772,"C'est toujours un plaisir de servir nos clients. À très bientôt !",1
774,771,"Votre enthousiasme est notre meilleure récompense. Nous avons hâte de vous accueillir à nouveau.",1
775,774,"C'est toujours un plaisir de servir nos clients. À très bientôt !",1
776,0,"Un séjour absolument parfait, merci pour tout !",1
777,776,"Votre enthousiasme est notre meilleure récompense. Nous avons hâte de vous accueillir à nouveau.",1
778,777,"C'est toujours un plaisir de servir nos clients. À très bientôt !",1
779,776,"Nous sommes ravis de lire votre satisfaction ! Merci d'avoir choisi notre établissement.",1
780,779,"C'est toujours un plaisir de servir nos clients. À très bientôt !",1
781,0,"Un séjour absolument parfait, merci pour tout !",1
782,781,"Nous sommes ravis de lire votre satisfaction ! Merci d'avoir choisi notre établissement.",1
783,782,"C'est toujours un plaisir de servir nos clients. À très bientôt !",1
784,781,"Nous sommes ravis de lire votre satisfaction ! Merci d'avoir choisi notre établissement.",1
785,784,"C'est toujours un plaisir de servir nos clients. À très bientôt !",1
786,0,"Un séjour absolument parfait, merci pour tout !",1
787,786,"Votre enthousiasme est notre meilleure récompense. Nous avons hâte de vous accueillir à nouveau.",1
788,787,"Nous vous remercions chaleureusement pour vos mots et attendons votre retour avec impatience.",1
789,786,"Nous sommes ravis de lire votre satisfaction ! Merci d'avoir choisi notre établissement.",1
790,789,"Nous vous remercions chaleureusement pour vos mots et attendons votre retour avec impatience.",1
791,0,"Exceptionnel sur tous les points, je recommande vivement.",1
792,791,"Votre enthousiasme est notre meilleure récompense. Nous avons hâte de vous accueillir à nouveau.",1
793,792,"C'est toujours un plaisir de servir nos clients. À très bientôt !",1
794,791,"Votre enthousiasme est notre meilleure récompense. Nous avons hâte de vous accueillir à nouveau.",1
795,794,"Nous vous remercions chaleureusement pour vos mots et attendons votre retour avec impatience.",1
796,0,"Exceptionnel sur tous les points, je recommande vivement.",1
797,796,"Nous sommes ravis de lire votre satisfaction ! Merci d'avoir choisi notre établissement.",1
798,797,"C'est toujours un plaisir de servir nos clients. À très bientôt !",1
799,796,"Nous sommes ravis de lire votre satisfaction ! Merci d'avoir choisi notre établissement.",1
800,799,"C'est toujours un plaisir de servir nos clients. À très bientôt !",1
801,0,"Un séjour absolument parfait, merci pour tout !",1
802,801,"Nous sommes ravis de lire votre satisfaction ! Merci d'avoir choisi notre établissement.",1
803,802,"Nous vous remercions chaleureusement pour vos mots et attendons votre retour avec impatience.",1
804,801,"Votre enthousiasme est notre meilleure récompense. Nous avons hâte de vous accueillir à nouveau.",1
805,804,"Nous vous remercions chaleureusement pour vos mots et attendons votre retour avec impatience.",1
806,0,"Service impeccable, accueil chaleureux, je ne pouvais pas espérer mieux.",1
807,806,"Nous sommes ravis de lire votre satisfaction ! Merci d'avoir choisi notre établissement.",1
808,807,"Nous vous remercions chaleureusement pour vos mots et attendons votre retour avec impatience.",1
809,806,"Votre enthousiasme est notre meilleure récompense. Nous avons hâte de vous accueillir à nouveau.",1
810,809,"Nous vous remercions chaleureusement pour vos mots et attendons votre retour avec impatience.",1
811,0,"Un séjour absolument parfait, merci pour tout !",1
812,811,"Nous sommes ravis de lire votre satisfaction ! Merci d'avoir choisi notre établissement.",1
813,812,"C'est toujours un plaisir de servir nos clients. À très bientôt !",1
814,811,"Votre enthousiasme est notre meilleure récompense. Nous avons hâte de vous accueillir à nouveau.",1
815,814,"Nous vous remercions chaleureusement pour vos mots et attendons votre retour avec impatience.",1
816,0,"Service impeccable, accueil chaleureux, je ne pouvais pas espérer mieux.",1
817,816,"Nous sommes ravis de lire votre satisfaction ! Merci d'avoir choisi notre établissement.",1
818,817,"C'est toujours un plaisir de servir nos clients. À très bientôt !",1
819,816,"Votre enthousiasme est notre meilleure récompense. Nous avons hâte de vous accueillir à nouveau.",1
820,819,"Nous vous remercions chaleureusement pour vos mots et attendons votre retour avec impatience.",1
821,0,"Un séjour absolument parfait, merci pour tout !",1
822,821,"Votre enthousiasme est notre meilleure récompense. Nous avons hâte de vous accueillir à nouveau.",1
823,822,"C'est toujours un plaisir de servir nos clients. À très bientôt !",1
824,821,"Votre enthousiasme est notre meilleure récompense. Nous avons hâte de vous accueillir à nouveau.",1
825,824,"C'est toujours un plaisir de servir nos clients. À très bientôt !",1
826,0,"Un séjour absolument parfait, merci pour tout !",1
827,826,"Votre enthousiasme est notre meilleure récompense. Nous avons hâte de vous accueillir à nouveau.",1
828,827,"Nous vous remercions chaleureusement pour vos mots et attendons votre retour avec impatience.",1
829,826,"Votre enthousiasme est notre meilleure récompense. Nous avons hâte de vous accueillir à nouveau.",1
830,829,"Nous vous remercions chaleureusement pour vos mots et attendons votre retour avec impatience.",1
831,0,"Exceptionnel sur tous les points, je recommande vivement.",1
832,831,"Votre enthousiasme est notre meilleure récompense. Nous avons hâte de vous accueillir à nouveau.",1
833,832,"C'est toujours un plaisir de servir nos clients. À très bientôt !",1
834,831,"Nous sommes ravis de lire votre satisfaction ! Merci d'avoir choisi notre établissement.",1
835,834,"Nous vous remercions chaleureusement pour vos mots et attendons votre retour avec impatience.",1
836,0,"Service impeccable, accueil chaleureux, je ne pouvais pas espérer mieux.",1
837,836,"Votre enthousiasme est notre meilleure récompense. Nous avons hâte de vous accueillir à nouveau.",1
838,837,"C'est toujours un plaisir de servir nos clients. À très bientôt !",1
839,836,"Votre enthousiasme est notre meilleure récompense. Nous avons hâte de vous accueillir à nouveau.",1
840,839,"Nous vous remercions chaleureusement pour vos mots et attendons votre retour avec impatience.",1
841,0,"Exceptionnel sur tous les points, je recommande vivement.",1
842,841,"Nous sommes ravis de lire votre satisfaction ! Merci d'avoir choisi notre établissement.",1
843,842,"Nous vous remercions chaleureusement pour vos mots et attendons votre retour avec impatience.",1
844,841,"Nous sommes ravis de lire votre satisfaction ! Merci d'avoir choisi notre établissement.",1
845,844,"C'est toujours un plaisir de servir nos clients. À très bientôt !",1
846,0,"Un séjour absolument parfait, merci pour tout !",1
847,846,"Nous sommes ravis de lire votre satisfaction ! Merci d'avoir choisi notre établissement.",1
848,847,"Nous vous remercions chaleureusement pour vos mots et attendons votre retour avec impatience.",1
849,846,"Nous sommes ravis de lire votre satisfaction ! Merci d'avoir choisi notre établissement.",1
850,849,"C'est toujours un plaisir de servir nos clients. À très bientôt !",1
851,0,"Exceptionnel sur tous les points, je recommande vivement.",1
852,851,"Votre enthousiasme est notre meilleure récompense. Nous avons hâte de vous accueillir à nouveau.",1
853,852,"Nous vous remercions chaleureusement pour vos mots et attendons votre retour avec impatience.",1
854,851,"Nous sommes ravis de lire votre satisfaction ! Merci d'avoir choisi notre établissement.",1
855,854,"Nous vous remercions chaleureusement pour vos mots et attendons votre retour avec impatience.",1
856,0,"Un séjour absolument parfait, merci pour tout !",1
857,856,"Votre enthousiasme est notre meilleure récompense. Nous avons hâte de vous accueillir à nouveau.",1
858,857,"C'est toujours un plaisir de servir nos clients. À très bientôt !",1
859,856,"Votre enthousiasme est notre meilleure récompense. Nous avons hâte de vous accueillir à nouveau.",1
860,859,"Nous vous remercions chaleureusement pour vos mots et attendons votre retour avec impatience.",1
861,0,"Service impeccable, accueil chaleureux, je ne pouvais pas espérer mieux.",1
862,861,"Nous sommes ravis de lire votre satisfaction ! Merci d'avoir choisi notre établissement.",1
863,862,"Nous vous remercions chaleureusement pour vos mots et attendons votre retour avec impatience.",1
864,861,"Nous sommes ravis de lire votre satisfaction ! Merci d'avoir choisi notre établissement.",1
865,864,"C'est toujours un plaisir de servir nos clients. À très bientôt !",1
866,0,"Exceptionnel sur tous les points, je recommande vivement.",1
867,866,"Nous sommes ravis de lire votre satisfaction ! Merci d'avoir choisi notre établissement.",1
868,867,"C'est toujours un plaisir de servir nos clients. À très bientôt !",1
869,866,"Nous sommes ravis de lire votre satisfaction ! Merci d'avoir choisi notre établissement.",1
870,869,"Nous vous remercions chaleureusement pour vos mots et attendons votre retour avec impatience.",1
871,0,"Un séjour absolument parfait, merci pour tout !",1
872,871,"Nous sommes ravis de lire votre satisfaction ! Merci d'avoir choisi notre établissement.",1
873,872,"Nous vous remercions chaleureusement pour vos mots et attendons votre retour avec impatience.",1
874,871,"Nous sommes ravis de lire votre satisfaction ! Merci d'avoir choisi notre établissement.",1
875,874,"Nous vous remercions chaleureusement pour vos mots et attendons votre retour avec impatience.",1
876,0,"Un séjour absolument parfait, merci pour tout !",1
877,876,"Votre enthousiasme est notre meilleure récompense. Nous avons hâte de vous accueillir à nouveau.",1
878,877,"Nous vous remercions chaleureusement pour vos mots et attendons votre retour avec impatience.",1
879,876,"Nous sommes ravis de lire votre satisfaction ! Merci d'avoir choisi notre établissement.",1
880,879,"C'est toujours un plaisir de servir nos clients. À très bientôt !",1
881,0,"Un séjour absolument parfait, merci pour tout !",1
882,881,"Votre enthousiasme est notre meilleure récompense. Nous avons hâte de vous accueillir à nouveau.",1
883,882,"C'est toujours un plaisir de servir nos clients. À très bientôt !",1
884,881,"Votre enthousiasme est notre meilleure récompense. Nous avons hâte de vous accueillir à nouveau.",1
885,884,"Nous vous remercions chaleureusement pour vos mots et attendons votre retour avec impatience.",1
886,0,"Exceptionnel sur tous les points, je recommande vivement.",1
887,886,"Nous sommes ravis de lire votre satisfaction ! Merci d'avoir choisi notre établissement.",1
888,887,"Nous vous remercions chaleureusement pour vos mots et attendons votre retour avec impatience.",1
889,886,"Nous sommes ravis de lire votre satisfaction ! Merci d'avoir choisi notre établissement.",1
890,889,"C'est toujours un plaisir de servir nos clients. À très bientôt !",1
891,0,"Un séjour absolument parfait, merci pour tout !",1
892,891,"Votre enthousiasme est notre meilleure récompense. Nous avons hâte de vous accueillir à nouveau.",1
893,892,"Nous vous remercions chaleureusement pour vos mots et attendons votre retour avec impatience.",1
894,891,"Nous sommes ravis de lire votre satisfaction ! Merci d'avoir choisi notre établissement.",1
895,894,"C'est toujours un plaisir de servir nos clients. À très bientôt !",1
896,0,"Service impeccable, accueil chaleureux, je ne pouvais pas espérer mieux.",1
897,896,"Votre enthousiasme est notre meilleure récompense. Nous avons hâte de vous accueillir à nouveau.",1
898,897,"Nous vous remercions chaleureusement pour vos mots et attendons votre retour avec impatience.",1
899,896,"Votre enthousiasme est notre meilleure récompense. Nous avons hâte de vous accueillir à nouveau.",1
900,899,"C'est toujours un plaisir de servir nos clients. À très bientôt !",1
901,0,"Exceptionnel sur tous les points, je recommande vivement.",1
902,901,"Votre enthousiasme est notre meilleure récompense. Nous avons hâte de vous accueillir à nouveau.",1
903,902,"Nous vous remercions chaleureusement pour vos mots et attendons votre retour avec impatience.",1
904,901,"Votre enthousiasme est notre meilleure récompense. Nous avons hâte de vous accueillir à nouveau.",1
905,904,"C'est toujours un plaisir de servir nos clients. À très bientôt !",1
906,0,"Exceptionnel sur tous les points, je recommande vivement.",1
907,906,"Votre enthousiasme est notre meilleure récompense. Nous avons hâte de vous accueillir à nouveau.",1
908,907,"C'est toujours un plaisir de servir nos clients. À très bientôt !",1
909,906,"Votre enthousiasme est notre meilleure récompense. Nous avons hâte de vous accueillir à nouveau.",1
910,909,"C'est toujours un plaisir de servir nos clients. À très bientôt !",1
911,0,"Exceptionnel sur tous les points, je recommande vivement.",1
912,911,"Votre enthousiasme est notre meilleure récompense. Nous avons hâte de vous accueillir à nouveau.",1
913,912,"Nous vous remercions chaleureusement pour vos mots et attendons votre retour avec impatience.",1
914,911,"Votre enthousiasme est notre meilleure récompense. Nous avons hâte de vous accueillir à nouveau.",1
915,914,"C'est toujours un plaisir de servir nos clients. À très bientôt !",1
916,0,"Service impeccable, accueil chaleureux, je ne pouvais pas espérer mieux.",1
917,916,"Votre enthousiasme est notre meilleure récompense. Nous avons hâte de vous accueillir à nouveau.",1
918,917,"Nous vous remercions chaleureusement pour vos mots et attendons votre retour avec impatience.",1
919,916,"Votre enthousiasme est notre meilleure récompense. Nous avons hâte de vous accueillir à nouveau.",1
920,919,"C'est toujours un plaisir de servir nos clients. À très bientôt !",1
921,0,"Service impeccable, accueil chaleureux, je ne pouvais pas espérer mieux.",1
922,921,"Nous sommes ravis de lire votre satisfaction ! Merci d'avoir choisi notre établissement.",1
923,922,"C'est toujours un plaisir de servir nos clients. À très bientôt !",1
924,921,"Nous sommes ravis de lire votre satisfaction ! Merci d'avoir choisi notre établissement.",1
925,924,"C'est toujours un plaisir de servir nos clients. À très bientôt !",1
926,0,"Un séjour absolument parfait, merci pour tout !",1
927,926,"Nous sommes ravis de lire votre satisfaction ! Merci d'avoir choisi notre établissement.",1
928,927,"C'est toujours un plaisir de servir nos clients. À très bientôt !",1
929,926,"Votre enthousiasme est notre meilleure récompense. Nous avons hâte de vous accueillir à nouveau.",1
930,929,"C'est toujours un plaisir de servir nos clients. À très bientôt !",1
931,0,"Service impeccable, accueil chaleureux, je ne pouvais pas espérer mieux.",1
932,931,"Nous sommes ravis de lire votre satisfaction ! Merci d'avoir choisi notre établissement.",1
933,932,"C'est toujours un plaisir de servir nos clients. À très bientôt !",1
934,931,"Votre enthousiasme est notre meilleure récompense. Nous avons hâte de vous accueillir à nouveau.",1
935,934,"Nous vous remercions chaleureusement pour vos mots et attendons votre retour avec impatience.",1
936,0,"Exceptionnel sur tous les points, je recommande vivement.",1
937,936,"Votre enthousiasme est notre meilleure récompense. Nous avons hâte de vous accueillir à nouveau.",1
938,937,"C'est toujours un plaisir de servir nos clients. À très bientôt !",1
939,936,"Votre enthousiasme est notre meilleure récompense. Nous avons hâte de vous accueillir à nouveau.",1
940,939,"Nous vous remercions chaleureusement pour vos mots et attendons votre retour avec impatience.",1
941,0,"Un séjour absolument parfait, merci pour tout !",1
942,941,"Votre enthousiasme est notre meilleure récompense. Nous avons hâte de vous accueillir à nouveau.",1
943,942,"C'est toujours un plaisir de servir nos clients. À très bientôt !",1
944,941,"Nous sommes ravis de lire votre satisfaction ! Merci d'avoir choisi notre établissement.",1
945,944,"Nous vous remercions chaleureusement pour vos mots et attendons votre retour avec impatience.",1
946,0,"Un séjour absolument parfait, merci pour tout !",1
947,946,"Nous sommes ravis de lire votre satisfaction ! Merci d'avoir choisi notre établissement.",1
948,947,"Nous vous remercions chaleureusement pour vos mots et attendons votre retour avec impatience.",1
949,946,"Votre enthousiasme est notre meilleure récompense. Nous avons hâte de vous accueillir à nouveau.",1
950,949,"Nous vous remercions chaleureusement pour vos mots et attendons votre retour avec impatience.",1
951,0,"Exceptionnel sur tous les points, je recommande vivement.",1
952,951,"Votre enthousiasme est notre meilleure récompense. Nous avons hâte de vous accueillir à nouveau.",1
953,952,"C'est toujours un plaisir de servir nos clients. À très bientôt !",1
954,951,"Nous sommes ravis de lire votre satisfaction ! Merci d'avoir choisi notre établissement.",1
955,954,"Nous vous remercions chaleureusement pour vos mots et attendons votre retour avec impatience.",1
956,0,"Service impeccable, accueil chaleureux, je ne pouvais pas espérer mieux.",1
957,956,"Votre enthousiasme est notre meilleure récompense. Nous avons hâte de vous accueillir à nouveau.",1
958,957,"Nous vous remercions chaleureusement pour vos mots et attendons votre retour avec impatience.",1
959,956,"Votre enthousiasme est notre meilleure récompense. Nous avons hâte de vous accueillir à nouveau.",1
960,959,"C'est toujours un plaisir de servir nos clients. À très bientôt !",1
961,0,"Exceptionnel sur tous les points, je recommande vivement.",1
962,961,"Votre enthousiasme est notre meilleure récompense. Nous avons hâte de vous accueillir à nouveau.",1
963,962,"C'est toujours un plaisir de servir nos clients. À très bientôt !",1
964,961,"Votre enthousiasme est notre meilleure récompense. Nous avons hâte de vous accueillir à nouveau.",1
965,964,"Nous vous remercions chaleureusement pour vos mots et attendons votre retour avec impatience.",1
966,0,"Service impeccable, accueil chaleureux, je ne pouvais pas espérer mieux.",1
967,966,"Nous sommes ravis de lire votre satisfaction ! Merci d'avoir choisi notre établissement.",1
968,967,"C'est toujours un plaisir de servir nos clients. À très bientôt !",1
969,966,"Votre enthousiasme est notre meilleure récompense. Nous avons hâte de vous accueillir à nouveau.",1
970,969,"Nous vous remercions chaleureusement pour vos mots et attendons votre retour avec impatience.",1
971,0,"Un séjour absolument parfait, merci pour tout !",1
972,971,"Nous sommes ravis de lire votre satisfaction ! Merci d'avoir choisi notre établissement.",1
973,972,"C'est toujours un plaisir de servir nos clients. À très bientôt !",1
974,971,"Nous sommes ravis de lire votre satisfaction ! Merci d'avoir choisi notre établissement.",1
975,974,"Nous vous remercions chaleureusement pour vos mots et attendons votre retour avec impatience.",1
976,0,"Service impeccable, accueil chaleureux, je ne pouvais pas espérer mieux.",1
977,976,"Votre enthousiasme est notre meilleure récompense. Nous avons hâte de vous accueillir à nouveau.",1
978,977,"C'est toujours un plaisir de servir nos clients. À très bientôt !",1
979,976,"Nous sommes ravis de lire votre satisfaction ! Merci d'avoir choisi notre établissement.",1
980,979,"C'est toujours un plaisir de servir nos clients. À très bientôt !",1
981,0,"Service impeccable, accueil chaleureux, je ne pouvais pas espérer mieux.",1
982,981,"Votre enthousiasme est notre meilleure récompense. Nous avons hâte de vous accueillir à nouveau.",1
983,982,"Nous vous remercions chaleureusement pour vos mots et attendons votre retour avec impatience.",1
984,981,"Votre enthousiasme est notre meilleure récompense. Nous avons hâte de vous accueillir à nouveau.",1
985,984,"Nous vous remercions chaleureusement pour vos mots et attendons votre retour avec impatience.",1
986,0,"Exceptionnel sur tous les points, je recommande vivement.",1
987,986,"Votre enthousiasme est notre meilleure récompense. Nous avons hâte de vous accueillir à nouveau.",1
988,987,"Nous vous remercions chaleureusement pour vos mots et attendons votre retour avec impatience.",1
989,986,"Votre enthousiasme est notre meilleure récompense. Nous avons hâte de vous accueillir à nouveau.",1
990,989,"Nous vous remercions chaleureusement pour vos mots et attendons votre retour avec impatience.",1
991,0,"Un séjour absolument parfait, merci pour tout !",1
992,991,"Votre enthousiasme est notre meilleure récompense. Nous avons hâte de vous accueillir à nouveau.",1
993,992,"C'est toujours un plaisir de servir nos clients. À très bientôt !",1
994,991,"Nous sommes ravis de lire votre satisfaction ! Merci d'avoir choisi notre établissement.",1
995,994,"Nous vous remercions chaleureusement pour vos mots et attendons votre retour avec impatience.",1
996,0,"Un séjour absolument parfait, merci pour tout !",1
997,996,"Nous sommes ravis de lire votre satisfaction ! Merci d'avoir choisi notre établissement.",1
998,997,"C'est toujours un plaisir de servir nos clients. À très bientôt !",1
999,996,"Votre enthousiasme est notre meilleure récompense. Nous avons hâte de vous accueillir à nouveau.",1
1000,999,"C'est toujours un plaisir de servir nos clients. À très bientôt !",1
1001,0,"Un séjour absolument parfait, merci pour tout !",1
1002,1001,"Votre enthousiasme est notre meilleure récompense. Nous avons hâte de vous accueillir à nouveau.",1
1003,1002,"C'est toujours un plaisir de servir nos clients. À très bientôt !",1
1004,1001,"Nous sommes ravis de lire votre satisfaction ! Merci d'avoir choisi notre établissement.",1
1005,1004,"Nous vous remercions chaleureusement pour vos mots et attendons votre retour avec impatience.",1
1006,0,"Exceptionnel sur tous les points, je recommande vivement.",1
1007,1006,"Votre enthousiasme est notre meilleure récompense. Nous avons hâte de vous accueillir à nouveau.",1
1008,1007,"Nous vous remercions chaleureusement pour vos mots et attendons votre retour avec impatience.",1
1009,1006,"Nous sommes ravis de lire votre satisfaction ! Merci d'avoir choisi notre établissement.",1
1010,1009,"C'est toujours un plaisir de servir nos clients. À très bientôt !",1
1011,0,"Exceptionnel sur tous les points, je recommande vivement.",1
1012,1011,"Nous sommes ravis de lire votre satisfaction ! Merci d'avoir choisi notre établissement.",1
1013,1012,"C'est toujours un plaisir de servir nos clients. À très bientôt !",1
1014,1011,"Nous sommes ravis de lire votre satisfaction ! Merci d'avoir choisi notre établissement.",1
1015,1014,"C'est toujours un plaisir de servir nos clients. À très bientôt !",1
1016,0,"Exceptionnel sur tous les points, je recommande vivement.",1
1017,1016,"Nous sommes ravis de lire votre satisfaction ! Merci d'avoir choisi notre établissement.",1
1018,1017,"Nous vous remercions chaleureusement pour vos mots et attendons votre retour avec impatience.",1
1019,1016,"Votre enthousiasme est notre meilleure récompense. Nous avons hâte de vous accueillir à nouveau.",1
1020,1019,"Nous vous remercions chaleureusement pour vos mots et attendons votre retour avec impatience.",1
1021,0,"Service impeccable, accueil chaleureux, je ne pouvais pas espérer mieux.",1
1022,1021,"Votre enthousiasme est notre meilleure récompense. Nous avons hâte de vous accueillir à nouveau.",1
1023,1022,"C'est toujours un plaisir de servir nos clients. À très bientôt !",1
1024,1021,"Nous sommes ravis de lire votre satisfaction ! Merci d'avoir choisi notre établissement.",1
1025,1024,"C'est toujours un plaisir de servir nos clients. À très bientôt !",1
1026,0,"Exceptionnel sur tous les points, je recommande vivement.",1
1027,1026,"Votre enthousiasme est notre meilleure récompense. Nous avons hâte de vous accueillir à nouveau.",1
1028,1027,"C'est toujours un plaisir de servir nos clients. À très bientôt !",1
1029,1026,"Votre enthousiasme est notre meilleure récompense. Nous avons hâte de vous accueillir à nouveau.",1
1030,1029,"Nous vous remercions chaleureusement pour vos mots et attendons votre retour avec impatience.",1
1031,0,"Un séjour absolument parfait, merci pour tout !",1
1032,1031,"Votre enthousiasme est notre meilleure récompense. Nous avons hâte de vous accueillir à nouveau.",1
1033,1032,"Nous vous remercions chaleureusement pour vos mots et attendons votre retour avec impatience.",1
1034,1031,"Nous sommes ravis de lire votre satisfaction ! Merci d'avoir choisi notre établissement.",1
1035,1034,"C'est toujours un plaisir de servir nos clients. À très bientôt !",1
1036,0,"Un séjour absolument parfait, merci pour tout !",1
1037,1036,"Nous sommes ravis de lire votre satisfaction ! Merci d'avoir choisi notre établissement.",1
1038,1037,"C'est toujours un plaisir de servir nos clients. À très bientôt !",1
1039,1036,"Votre enthousiasme est notre meilleure récompense. Nous avons hâte de vous accueillir à nouveau.",1
1040,1039,"Nous vous remercions chaleureusement pour vos mots et attendons votre retour avec impatience.",1
1041,0,"Exceptionnel sur tous les points, je recommande vivement.",1
1042,1041,"Nous sommes ravis de lire votre satisfaction ! Merci d'avoir choisi notre établissement.",1
1043,1042,"Nous vous remercions chaleureusement pour vos mots et attendons votre retour avec impatience.",1
1044,1041,"Votre enthousiasme est notre meilleure récompense. Nous avons hâte de vous accueillir à nouveau.",1
1045,1044,"Nous vous remercions chaleureusement pour vos mots et attendons votre retour avec impatience.",1
1046,0,"Exceptionnel sur tous les points, je recommande vivement.",1
1047,1046,"Votre enthousiasme est notre meilleure récompense. Nous avons hâte de vous accueillir à nouveau.",1
1048,1047,"C'est toujours un plaisir de servir nos clients. À très bientôt !",1
1049,1046,"Votre enthousiasme est notre meilleure récompense. Nous avons hâte de vous accueillir à nouveau.",1
1050,1049,"Nous vous remercions chaleureusement pour vos mots et attendons votre retour avec impatience.",1
1051,0,"Un séjour absolument parfait, merci pour tout !",1
1052,1051,"Nous sommes ravis de lire votre satisfaction ! Merci d'avoir choisi notre établissement.",1
1053,1052,"Nous vous remercions chaleureusement pour vos mots et attendons votre retour avec impatience.",1
1054,1051,"Nous sommes ravis de lire votre satisfaction ! Merci d'avoir choisi notre établissement.",1
1055,1054,"Nous vous remercions chaleureusement pour vos mots et attendons votre retour avec impatience.",1
1056,0,"Exceptionnel sur tous les points, je recommande vivement.",1
1057,1056,"Nous sommes ravis de lire votre satisfaction ! Merci d'avoir choisi notre établissement.",1
1058,1057,"C'est toujours un plaisir de servir nos clients. À très bientôt !",1
1059,1056,"Votre enthousiasme est notre meilleure récompense. Nous avons hâte de vous accueillir à nouveau.",1
1060,1059,"Nous vous remercions chaleureusement pour vos mots et attendons votre retour avec impatience.",1
1061,0,"Un séjour absolument parfait, merci pour tout !",1
1062,1061,"Votre enthousiasme est notre meilleure récompense. Nous avons hâte de vous accueillir à nouveau.",1
1063,1062,"C'est toujours un plaisir de servir nos clients. À très bientôt !",1
1064,1061,"Votre enthousiasme est notre meilleure récompense. Nous avons hâte de vous accueillir à nouveau.",1
1065,1064,"C'est toujours un plaisir de servir nos clients. À très bientôt !",1
1066,0,"Un séjour absolument parfait, merci pour tout !",1
1067,1066,"Nous sommes ravis de lire votre satisfaction ! Merci d'avoir choisi notre établissement.",1
1068,1067,"C'est toujours un plaisir de servir nos clients. À très bientôt !",1
1069,1066,"Votre enthousiasme est notre meilleure récompense. Nous avons hâte de vous accueillir à nouveau.",1
1070,1069,"Nous vous remercions chaleureusement pour vos mots et attendons votre retour avec impatience.",1
1071,0,"Service impeccable, accueil chaleureux, je ne pouvais pas espérer mieux.",1
1072,1071,"Votre enthousiasme est notre meilleure récompense. Nous avons hâte de vous accueillir à nouveau.",1
1073,1072,"Nous vous remercions chaleureusement pour vos mots et attendons votre retour avec impatience.",1
1074,1071,"Votre enthousiasme est notre meilleure récompense. Nous avons hâte de vous accueillir à nouveau.",1
1075,1074,"Nous vous remercions chaleureusement pour vos mots et attendons votre retour avec impatience.",1
1076,0,"Service impeccable, accueil chaleureux, je ne pouvais pas espérer mieux.",1
1077,1076,"Nous sommes ravis de lire votre satisfaction ! Merci d'avoir choisi notre établissement.",1
1078,1077,"C'est toujours un plaisir de servir nos clients. À très bientôt !",1
1079,1076,"Votre enthousiasme est notre meilleure récompense. Nous avons hâte de vous accueillir à nouveau.",1
1080,1079,"C'est toujours un plaisir de servir nos clients. À très bientôt !",1
1081,0,"Exceptionnel sur tous les points, je recommande vivement.",1
1082,1081,"Votre enthousiasme est notre meilleure récompense. Nous avons hâte de vous accueillir à nouveau.",1
1083,1082,"Nous vous remercions chaleureusement pour vos mots et attendons votre retour avec impatience.",1
1084,1081,"Nous sommes ravis de lire votre satisfaction ! Merci d'avoir choisi notre établissement.",1
1085,1084,"Nous vous remercions chaleureusement pour vos mots et attendons votre retour avec impatience.",1
1086,0,"Exceptionnel sur tous les points, je recommande vivement.",1
1087,1086,"Votre enthousiasme est notre meilleure récompense. Nous avons hâte de vous accueillir à nouveau.",1
1088,1087,"C'est toujours un plaisir de servir nos clients. À très bientôt !",1
1089,1086,"Nous sommes ravis de lire votre satisfaction ! Merci d'avoir choisi notre établissement.",1
1090,1089,"Nous vous remercions chaleureusement pour vos mots et attendons votre retour avec impatience.",1
1091,0,"Service impeccable, accueil chaleureux, je ne pouvais pas espérer mieux.",1
1092,1091,"Votre enthousiasme est notre meilleure récompense. Nous avons hâte de vous accueillir à nouveau.",1
1093,1092,"C'est toujours un plaisir de servir nos clients. À très bientôt !",1
1094,1091,"Votre enthousiasme est notre meilleure récompense. Nous avons hâte de vous accueillir à nouveau.",1
1095,1094,"C'est toujours un plaisir de servir nos clients. À très bientôt !",1
1096,0,"Service impeccable, accueil chaleureux, je ne pouvais pas espérer mieux.",1
1097,1096,"Nous sommes ravis de lire votre satisfaction ! Merci d'avoir choisi notre établissement.",1
1098,1097,"C'est toujours un plaisir de servir nos clients. À très bientôt !",1
1099,1096,"Votre enthousiasme est notre meilleure récompense. Nous avons hâte de vous accueillir à nouveau.",1
1100,1099,"Nous vous remercions chaleureusement pour vos mots et attendons votre retour avec impatience.",1
1101,0,"Un séjour absolument parfait, merci pour tout !",1
1102,1101,"Nous sommes ravis de lire votre satisfaction ! Merci d'avoir choisi notre établissement.",1
1103,1102,"C'est toujours un plaisir de servir nos clients. À très bientôt !",1
1104,1101,"Nous sommes ravis de lire votre satisfaction ! Merci d'avoir choisi notre établissement.",1
1105,1104,"C'est toujours un plaisir de servir nos clients. À très bientôt !",1
1106,0,"Un séjour absolument parfait, merci pour tout !",1
1107,1106,"Votre enthousiasme est notre meilleure récompense. Nous avons hâte de vous accueillir à nouveau.",1
1108,1107,"Nous vous remercions chaleureusement pour vos mots et attendons votre retour avec impatience.",1
1109,1106,"Nous sommes ravis de lire votre satisfaction ! Merci d'avoir choisi notre établissement.",1
1110,1109,"C'est toujours un plaisir de servir nos clients. À très bientôt !",1
1111,0,"Exceptionnel sur tous les points, je recommande vivement.",1
1112,1111,"Nous sommes ravis de lire votre satisfaction ! Merci d'avoir choisi notre établissement.",1
1113,1112,"C'est toujours un plaisir de servir nos clients. À très bientôt !",1
1114,1111,"Nous sommes ravis de lire votre satisfaction ! Merci d'avoir choisi notre établissement.",1
1115,1114,"C'est toujours un plaisir de servir nos clients. À très bientôt !",1
1116,0,"Un séjour absolument parfait, merci pour tout !",1
1117,1116,"Nous sommes ravis de lire votre satisfaction ! Merci d'avoir choisi notre établissement.",1
1118,1117,"Nous vous remercions chaleureusement pour vos mots et attendons votre retour avec impatience.",1
1119,1116,"Votre enthousiasme est notre meilleure récompense. Nous avons hâte de vous accueillir à nouveau.",1
1120,1119,"C'est toujours un plaisir de servir nos clients. À très bientôt !",1
1121,0,"Un séjour absolument parfait, merci pour tout !",1
1122,1121,"Nous sommes ravis de lire votre satisfaction ! Merci d'avoir choisi notre établissement.",1
1123,1122,"C'est toujours un plaisir de servir nos clients. À très bientôt !",1
1124,1121,"Nous sommes ravis de lire votre satisfaction ! Merci d'avoir choisi notre établissement.",1
1125,1124,"Nous vous remercions chaleureusement pour vos mots et attendons votre retour avec impatience.",1
1126,0,"Un séjour absolument parfait, merci pour tout !",1
1127,1126,"Nous sommes ravis de lire votre satisfaction ! Merci d'avoir choisi notre établissement.",1
1128,1127,"C'est toujours un plaisir de servir nos clients. À très bientôt !",1
1129,1126,"Votre enthousiasme est notre meilleure récompense. Nous avons hâte de vous accueillir à nouveau.",1
1130,1129,"Nous vous remercions chaleureusement pour vos mots et attendons votre retour avec impatience.",1
1131,0,"Exceptionnel sur tous les points, je recommande vivement.",1
1132,1131,"Nous sommes ravis de lire votre satisfaction ! Merci d'avoir choisi notre établissement.",1
1133,1132,"Nous vous remercions chaleureusement pour vos mots et attendons votre retour avec impatience.",1
1134,1131,"Votre enthousiasme est notre meilleure récompense. Nous avons hâte de vous accueillir à nouveau.",1
1135,1134,"Nous vous remercions chaleureusement pour vos mots et attendons votre retour avec impatience.",1
1136,0,"Service impeccable, accueil chaleureux, je ne pouvais pas espérer mieux.",1
1137,1136,"Votre enthousiasme est notre meilleure récompense. Nous avons hâte de vous accueillir à nouveau.",1
1138,1137,"C'est toujours un plaisir de servir nos clients. À très bientôt !",1
1139,1136,"Nous sommes ravis de lire votre satisfaction ! Merci d'avoir choisi notre établissement.",1
1140,1139,"C'est toujours un plaisir de servir nos clients. À très bientôt !",1
1141,0,"Exceptionnel sur tous les points, je recommande vivement.",1
1142,1141,"Votre enthousiasme est notre meilleure récompense. Nous avons hâte de vous accueillir à nouveau.",1
1143,1142,"Nous vous remercions chaleureusement pour vos mots et attendons votre retour avec impatience.",1
1144,1141,"Votre enthousiasme est notre meilleure récompense. Nous avons hâte de vous accueillir à nouveau.",1
1145,1144,"C'est toujours un plaisir de servir nos clients. À très bientôt !",1
1146,0,"Un séjour absolument parfait, merci pour tout !",1
1147,1146,"Nous sommes ravis de lire votre satisfaction ! Merci d'avoir choisi notre établissement.",1
1148,1147,"C'est toujours un plaisir de servir nos clients. À très bientôt !",1
1149,1146,"Nous sommes ravis de lire votre satisfaction ! Merci d'avoir choisi notre établissement.",1
1150,1149,"Nous vous remercions chaleureusement pour vos mots et attendons votre retour avec impatience.",1
1151,0,"Exceptionnel sur tous les points, je recommande vivement.",1
1152,1151,"Votre enthousiasme est notre meilleure récompense. Nous avons hâte de vous accueillir à nouveau.",1
1153,1152,"Nous vous remercions chaleureusement pour vos mots et attendons votre retour avec impatience.",1
1154,1151,"Nous sommes ravis de lire votre satisfaction ! Merci d'avoir choisi notre établissement.",1
1155,1154,"C'est toujours un plaisir de servir nos clients. À très bientôt !",1
1156,0,"Exceptionnel sur tous les points, je recommande vivement.",1
1157,1156,"Nous sommes ravis de lire votre satisfaction ! Merci d'avoir choisi notre établissement.",1
1158,1157,"Nous vous remercions chaleureusement pour vos mots et attendons votre retour avec impatience.",1
1159,1156,"Votre enthousiasme est notre meilleure récompense. Nous avons hâte de vous accueillir à nouveau.",1
1160,1159,"C'est toujours un plaisir de servir nos clients. À très bientôt !",1
1161,0,"Un séjour absolument parfait, merci pour tout !",1
1162,1161,"Nous sommes ravis de lire votre satisfaction ! Merci d'avoir choisi notre établissement.",1
1163,1162,"Nous vous remercions chaleureusement pour vos mots et attendons votre retour avec impatience.",1
1164,1161,"Votre enthousiasme est notre meilleure récompense. Nous avons hâte de vous accueillir à nouveau.",1
1165,1164,"C'est toujours un plaisir de servir nos clients. À très bientôt !",1
1166,0,"Exceptionnel sur tous les points, je recommande vivement.",1
1167,1166,"Votre enthousiasme est notre meilleure récompense. Nous avons hâte de vous accueillir à nouveau.",1
1168,1167,"C'est toujours un plaisir de servir nos clients. À très bientôt !",1
1169,1166,"Votre enthousiasme est notre meilleure récompense. Nous avons hâte de vous accueillir à nouveau.",1
1170,1169,"C'est toujours un plaisir de servir nos clients. À très bientôt !",1
1171,0,"Service impeccable, accueil chaleureux, je ne pouvais pas espérer mieux.",1
1172,1171,"Votre enthousiasme est notre meilleure récompense. Nous avons hâte de vous accueillir à nouveau.",1
1173,1172,"Nous vous remercions chaleureusement pour vos mots et attendons votre retour avec impatience.",1
1174,1171,"Votre enthousiasme est notre meilleure récompense. Nous avons hâte de vous accueillir à nouveau.",1
1175,1174,"Nous vous remercions chaleureusement pour vos mots et attendons votre retour avec impatience.",1
1176,0,"Service impeccable, accueil chaleureux, je ne pouvais pas espérer mieux.",1
1177,1176,"Nous sommes ravis de lire votre satisfaction ! Merci d'avoir choisi notre établissement.",1
1178,1177,"Nous vous remercions chaleureusement pour vos mots et attendons votre retour avec impatience.",1
1179,1176,"Votre enthousiasme est notre meilleure récompense. Nous avons hâte de vous accueillir à nouveau.",1
1180,1179,"C'est toujours un plaisir de servir nos clients. À très bientôt !",1
1181,0,"Exceptionnel sur tous les points, je recommande vivement.",1
1182,1181,"Nous sommes ravis de lire votre satisfaction ! Merci d'avoir choisi notre établissement.",1
1183,1182,"Nous vous remercions chaleureusement pour vos mots et attendons votre retour avec impatience.",1
1184,1181,"Nous sommes ravis de lire votre satisfaction ! Merci d'avoir choisi notre établissement.",1
1185,1184,"Nous vous remercions chaleureusement pour vos mots et attendons votre retour avec impatience.",1
1186,0,"Exceptionnel sur tous les points, je recommande vivement.",1
1187,1186,"Nous sommes ravis de lire votre satisfaction ! Merci d'avoir choisi notre établissement.",1
1188,1187,"Nous vous remercions chaleureusement pour vos mots et attendons votre retour avec impatience.",1
1189,1186,"Nous sommes ravis de lire votre satisfaction ! Merci d'avoir choisi notre établissement.",1
1190,1189,"C'est toujours un plaisir de servir nos clients. À très bientôt !",1
1191,0,"Un séjour absolument parfait, merci pour tout !",1
1192,1191,"Votre enthousiasme est notre meilleure récompense. Nous avons hâte de vous accueillir à nouveau.",1
1193,1192,"C'est toujours un plaisir de servir nos clients. À très bientôt !",1
1194,1191,"Votre enthousiasme est notre meilleure récompense. Nous avons hâte de vous accueillir à nouveau.",1
1195,1194,"C'est toujours un plaisir de servir nos clients. À très bientôt !",1
1196,0,"Un séjour absolument parfait, merci pour tout !",1
1197,1196,"Votre enthousiasme est notre meilleure récompense. Nous avons hâte de vous accueillir à nouveau.",1
1198,1197,"C'est toujours un plaisir de servir nos clients. À très bientôt !",1
1199,1196,"Nous sommes ravis de lire votre satisfaction ! Merci d'avoir choisi notre établissement.",1
1200,1199,"C'est toujours un plaisir de servir nos clients. À très bientôt !",1
1201,0,"Service impeccable, accueil chaleureux, je ne pouvais pas espérer mieux.",1
1202,1201,"Nous sommes ravis de lire votre satisfaction ! Merci d'avoir choisi notre établissement.",1
1203,1202,"Nous vous remercions chaleureusement pour vos mots et attendons votre retour avec impatience.",1
1204,1201,"Nous sommes ravis de lire votre satisfaction ! Merci d'avoir choisi notre établissement.",1
1205,1204,"Nous vous remercions chaleureusement pour vos mots et attendons votre retour avec impatience.",1
1206,0,"Service impeccable, accueil chaleureux, je ne pouvais pas espérer mieux.",1
1207,1206,"Nous sommes ravis de lire votre satisfaction ! Merci d'avoir choisi notre établissement.",1
1208,1207,"Nous vous remercions chaleureusement pour vos mots et attendons votre retour avec impatience.",1
1209,1206,"Votre enthousiasme est notre meilleure récompense. Nous avons hâte de vous accueillir à nouveau.",1
1210,1209,"C'est toujours un plaisir de servir nos clients. À très bientôt !",1
1211,0,"Exceptionnel sur tous les points, je recommande vivement.",1
1212,1211,"Votre enthousiasme est notre meilleure récompense. Nous avons hâte de vous accueillir à nouveau.",1
1213,1212,"C'est toujours un plaisir de servir nos clients. À très bientôt !",1
1214,1211,"Votre enthousiasme est notre meilleure récompense. Nous avons hâte de vous accueillir à nouveau.",1
1215,1214,"C'est toujours un plaisir de servir nos clients. À très bientôt !",1
1216,0,"Exceptionnel sur tous les points, je recommande vivement.",1
1217,1216,"Nous sommes ravis de lire votre satisfaction ! Merci d'avoir choisi notre établissement.",1
1218,1217,"C'est toujours un plaisir de servir nos clients. À très bientôt !",1
1219,1216,"Votre enthousiasme est notre meilleure récompense. Nous avons hâte de vous accueillir à nouveau.",1
1220,1219,"C'est toujours un plaisir de servir nos clients. À très bientôt !",1
1221,0,"Un séjour absolument parfait, merci pour tout !",1
1222,1221,"Nous sommes ravis de lire votre satisfaction ! Merci d'avoir choisi notre établissement.",1
1223,1222,"C'est toujours un plaisir de servir nos clients. À très bientôt !",1
1224,1221,"Nous sommes ravis de lire votre satisfaction ! Merci d'avoir choisi notre établissement.",1
1225,1224,"Nous vous remercions chaleureusement pour vos mots et attendons votre retour avec impatience.",1
1226,0,"Un séjour absolument parfait, merci pour tout !",1
1227,1226,"Nous sommes ravis de lire votre satisfaction ! Merci d'avoir choisi notre établissement.",1
1228,1227,"Nous vous remercions chaleureusement pour vos mots et attendons votre retour avec impatience.",1
1229,1226,"Votre enthousiasme est notre meilleure récompense. Nous avons hâte de vous accueillir à nouveau.",1
1230,1229,"Nous vous remercions chaleureusement pour vos mots et attendons votre retour avec impatience.",1
1231,0,"Un séjour absolument parfait, merci pour tout !",1
1232,1231,"Nous sommes ravis de lire votre satisfaction ! Merci d'avoir choisi notre établissement.",1
1233,1232,"C'est toujours un plaisir de servir nos clients. À très bientôt !",1
1234,1231,"Nous sommes ravis de lire votre satisfaction ! Merci d'avoir choisi notre établissement.",1
1235,1234,"Nous vous remercions chaleureusement pour vos mots et attendons votre retour avec impatience.",1
1236,0,"Service impeccable, accueil chaleureux, je ne pouvais pas espérer mieux.",1
1237,1236,"Nous sommes ravis de lire votre satisfaction ! Merci d'avoir choisi notre établissement.",1
1238,1237,"C'est toujours un plaisir de servir nos clients. À très bientôt !",1
1239,1236,"Votre enthousiasme est notre meilleure récompense. Nous avons hâte de vous accueillir à nouveau.",1
1240,1239,"C'est toujours un plaisir de servir nos clients. À très bientôt !",1
1241,0,"Service impeccable, accueil chaleureux, je ne pouvais pas espérer mieux.",1
1242,1241,"Nous sommes ravis de lire votre satisfaction ! Merci d'avoir choisi notre établissement.",1
1243,1242,"C'est toujours un plaisir de servir nos clients. À très bientôt !",1
1244,1241,"Votre enthousiasme est notre meilleure récompense. Nous avons hâte de vous accueillir à nouveau.",1
1245,1244,"Nous vous remercions chaleureusement pour vos mots et attendons votre retour avec impatience.",1
1246,0,"Service impeccable, accueil chaleureux, je ne pouvais pas espérer mieux.",1
1247,1246,"Nous sommes ravis de lire votre satisfaction ! Merci d'avoir choisi notre établissement.",1
1248,1247,"Nous vous remercions chaleureusement pour vos mots et attendons votre retour avec impatience.",1
1249,1246,"Nous sommes ravis de lire votre satisfaction ! Merci d'avoir choisi notre établissement.",1
1250,1249,"Nous vous remercions chaleureusement pour vos mots et attendons votre retour avec impatience.",1
1251,0,"Un séjour absolument parfait, merci pour tout !",1
1252,1251,"Votre enthousiasme est notre meilleure récompense. Nous avons hâte de vous accueillir à nouveau.",1
1253,1252,"C'est toujours un plaisir de servir nos clients. À très bientôt !",1
1254,1251,"Votre enthousiasme est notre meilleure récompense. Nous avons hâte de vous accueillir à nouveau.",1
1255,1254,"C'est toujours un plaisir de servir nos clients. À très bientôt !",1
1256,0,"Un séjour absolument parfait, merci pour tout !",1
1257,1256,"Nous sommes ravis de lire votre satisfaction ! Merci d'avoir choisi notre établissement.",1
1258,1257,"Nous vous remercions chaleureusement pour vos mots et attendons votre retour avec impatience.",1
1259,1256,"Nous sommes ravis de lire votre satisfaction ! Merci d'avoir choisi notre établissement.",1
1260,1259,"C'est toujours un plaisir de servir nos clients. À très bientôt !",1
1261,0,"Service impeccable, accueil chaleureux, je ne pouvais pas espérer mieux.",1
1262,1261,"Nous sommes ravis de lire votre satisfaction ! Merci d'avoir choisi notre établissement.",1
1263,1262,"C'est toujours un plaisir de servir nos clients. À très bientôt !",1
1264,1261,"Nous sommes ravis de lire votre satisfaction ! Merci d'avoir choisi notre établissement.",1
1265,1264,"C'est toujours un plaisir de servir nos clients. À très bientôt !",1
1266,0,"Un séjour absolument parfait, merci pour tout !",1
1267,1266,"Votre enthousiasme est notre meilleure récompense. Nous avons hâte de vous accueillir à nouveau.",1
1268,1267,"Nous vous remercions chaleureusement pour vos mots et attendons votre retour avec impatience.",1
1269,1266,"Nous sommes ravis de lire votre satisfaction ! Merci d'avoir choisi notre établissement.",1
1270,1269,"Nous vous remercions chaleureusement pour vos mots et attendons votre retour avec impatience.",1
1271,0,"Un séjour absolument parfait, merci pour tout !",1
1272,1271,"Nous sommes ravis de lire votre satisfaction ! Merci d'avoir choisi notre établissement.",1
1273,1272,"C'est toujours un plaisir de servir nos clients. À très bientôt !",1
1274,1271,"Votre enthousiasme est notre meilleure récompense. Nous avons hâte de vous accueillir à nouveau.",1
1275,1274,"C'est toujours un plaisir de servir nos clients. À très bientôt !",1
1276,0,"Exceptionnel sur tous les points, je recommande vivement.",1
1277,1276,"Nous sommes ravis de lire votre satisfaction ! Merci d'avoir choisi notre établissement.",1
1278,1277,"Nous vous remercions chaleureusement pour vos mots et attendons votre retour avec impatience.",1
1279,1276,"Votre enthousiasme est notre meilleure récompense. Nous avons hâte de vous accueillir à nouveau.",1
1280,1279,"C'est toujours un plaisir de servir nos clients. À très bientôt !",1
1281,0,"Service impeccable, accueil chaleureux, je ne pouvais pas espérer mieux.",1
1282,1281,"Votre enthousiasme est notre meilleure récompense. Nous avons hâte de vous accueillir à nouveau.",1
1283,1282,"Nous vous remercions chaleureusement pour vos mots et attendons votre retour avec impatience.",1
1284,1281,"Nous sommes ravis de lire votre satisfaction ! Merci d'avoir choisi notre établissement.",1
1285,1284,"Nous vous remercions chaleureusement pour vos mots et attendons votre retour avec impatience.",1
1286,0,"Exceptionnel sur tous les points, je recommande vivement.",1
1287,1286,"Nous sommes ravis de lire votre satisfaction ! Merci d'avoir choisi notre établissement.",1
1288,1287,"Nous vous remercions chaleureusement pour vos mots et attendons votre retour avec impatience.",1
1289,1286,"Votre enthousiasme est notre meilleure récompense. Nous avons hâte de vous accueillir à nouveau.",1
1290,1289,"Nous vous remercions chaleureusement pour vos mots et attendons votre retour avec impatience.",1
1291,0,"Exceptionnel sur tous les points, je recommande vivement.",1
1292,1291,"Nous sommes ravis de lire votre satisfaction ! Merci d'avoir choisi notre établissement.",1
1293,1292,"C'est toujours un plaisir de servir nos clients. À très bientôt !",1
1294,1291,"Nous sommes ravis de lire votre satisfaction ! Merci d'avoir choisi notre établissement.",1
1295,1294,"C'est toujours un plaisir de servir nos clients. À très bientôt !",1
1296,0,"Exceptionnel sur tous les points, je recommande vivement.",1
1297,1296,"Nous sommes ravis de lire votre satisfaction ! Merci d'avoir choisi notre établissement.",1
1298,1297,"C'est toujours un plaisir de servir nos clients. À très bientôt !",1
1299,1296,"Votre enthousiasme est notre meilleure récompense. Nous avons hâte de vous accueillir à nouveau.",1
1300,1299,"Nous vous remercions chaleureusement pour vos mots et attendons votre retour avec impatience.",1
1301,0,"Un séjour absolument parfait, merci pour tout !",1
1302,1301,"Nous sommes ravis de lire votre satisfaction ! Merci d'avoir choisi notre établissement.",1
1303,1302,"Nous vous remercions chaleureusement pour vos mots et attendons votre retour avec impatience.",1
1304,1301,"Votre enthousiasme est notre meilleure récompense. Nous avons hâte de vous accueillir à nouveau.",1
1305,1304,"C'est toujours un plaisir de servir nos clients. À très bientôt !",1
1306,0,"Service impeccable, accueil chaleureux, je ne pouvais pas espérer mieux.",1
1307,1306,"Nous sommes ravis de lire votre satisfaction ! Merci d'avoir choisi notre établissement.",1
1308,1307,"C'est toujours un plaisir de servir nos clients. À très bientôt !",1
1309,1306,"Nous sommes ravis de lire votre satisfaction ! Merci d'avoir choisi notre établissement.",1
1310,1309,"C'est toujours un plaisir de servir nos clients. À très bientôt !",1
1311,0,"Exceptionnel sur tous les points, je recommande vivement.",1
1312,1311,"Nous sommes ravis de lire votre satisfaction ! Merci d'avoir choisi notre établissement.",1
1313,1312,"Nous vous remercions chaleureusement pour vos mots et attendons votre retour avec impatience.",1
1314,1311,"Votre enthousiasme est notre meilleure récompense. Nous avons hâte de vous accueillir à nouveau.",1
1315,1314,"Nous vous remercions chaleureusement pour vos mots et attendons votre retour avec impatience.",1
1316,0,"Un séjour absolument parfait, merci pour tout !",1
1317,1316,"Votre enthousiasme est notre meilleure récompense. Nous avons hâte de vous accueillir à nouveau.",1
1318,1317,"C'est toujours un plaisir de servir nos clients. À très bientôt !",1
1319,1316,"Votre enthousiasme est notre meilleure récompense. Nous avons hâte de vous accueillir à nouveau.",1
1320,1319,"Nous vous remercions chaleureusement pour vos mots et attendons votre retour avec impatience.",1
1321,0,"Exceptionnel sur tous les points, je recommande vivement.",1
1322,1321,"Nous sommes ravis de lire votre satisfaction ! Merci d'avoir choisi notre établissement.",1
1323,1322,"Nous vous remercions chaleureusement pour vos mots et attendons votre retour avec impatience.",1
1324,1321,"Votre enthousiasme est notre meilleure récompense. Nous avons hâte de vous accueillir à nouveau.",1
1325,1324,"Nous vous remercions chaleureusement pour vos mots et attendons votre retour avec impatience.",1
1326,0,"Service impeccable, accueil chaleureux, je ne pouvais pas espérer mieux.",1
1327,1326,"Nous sommes ravis de lire votre satisfaction ! Merci d'avoir choisi notre établissement.",1
1328,1327,"C'est toujours un plaisir de servir nos clients. À très bientôt !",1
1329,1326,"Nous sommes ravis de lire votre satisfaction ! Merci d'avoir choisi notre établissement.",1
1330,1329,"Nous vous remercions chaleureusement pour vos mots et attendons votre retour avec impatience.",1
1331,0,"Exceptionnel sur tous les points, je recommande vivement.",1
1332,1331,"Nous sommes ravis de lire votre satisfaction ! Merci d'avoir choisi notre établissement.",1
1333,1332,"Nous vous remercions chaleureusement pour vos mots et attendons votre retour avec impatience.",1
1334,1331,"Nous sommes ravis de lire votre satisfaction ! Merci d'avoir choisi notre établissement.",1
1335,1334,"Nous vous remercions chaleureusement pour vos mots et attendons votre retour avec impatience.",1
1336,0,"Service impeccable, accueil chaleureux, je ne pouvais pas espérer mieux.",1
1337,1336,"Votre enthousiasme est notre meilleure récompense. Nous avons hâte de vous accueillir à nouveau.",1
1338,1337,"Nous vous remercions chaleureusement pour vos mots et attendons votre retour avec impatience.",1
1339,1336,"Nous sommes ravis de lire votre satisfaction ! Merci d'avoir choisi notre établissement.",1
1340,1339,"C'est toujours un plaisir de servir nos clients. À très bientôt !",1
1341,0,"Un séjour absolument parfait, merci pour tout !",1
1342,1341,"Votre enthousiasme est notre meilleure récompense. Nous avons hâte de vous accueillir à nouveau.",1
1343,1342,"C'est toujours un plaisir de servir nos clients. À très bientôt !",1
1344,1341,"Nous sommes ravis de lire votre satisfaction ! Merci d'avoir choisi notre établissement.",1
1345,1344,"Nous vous remercions chaleureusement pour vos mots et attendons votre retour avec impatience.",1
1346,0,"Service impeccable, accueil chaleureux, je ne pouvais pas espérer mieux.",1
1347,1346,"Nous sommes ravis de lire votre satisfaction ! Merci d'avoir choisi notre établissement.",1
1348,1347,"C'est toujours un plaisir de servir nos clients. À très bientôt !",1
1349,1346,"Nous sommes ravis de lire votre satisfaction ! Merci d'avoir choisi notre établissement.",1
1350,1349,"Nous vous remercions chaleureusement pour vos mots et attendons votre retour avec impatience.",1
1351,0,"Exceptionnel sur tous les points, je recommande vivement.",1
1352,1351,"Votre enthousiasme est notre meilleure récompense. Nous avons hâte de vous accueillir à nouveau.",1
1353,1352,"Nous vous remercions chaleureusement pour vos mots et attendons votre retour avec impatience.",1
1354,1351,"Votre enthousiasme est notre meilleure récompense. Nous avons hâte de vous accueillir à nouveau.",1
1355,1354,"C'est toujours un plaisir de servir nos clients. À très bientôt !",1
1356,0,"Service impeccable, accueil chaleureux, je ne pouvais pas espérer mieux.",1
1357,1356,"Votre enthousiasme est notre meilleure récompense. Nous avons hâte de vous accueillir à nouveau.",1
1358,1357,"C'est toujours un plaisir de servir nos clients. À très bientôt !",1
1359,1356,"Nous sommes ravis de lire votre satisfaction ! Merci d'avoir choisi notre établissement.",1
1360,1359,"Nous vous remercions chaleureusement pour vos mots et attendons votre retour avec impatience.",1
1361,0,"Service impeccable, accueil chaleureux, je ne pouvais pas espérer mieux.",1
1362,1361,"Nous sommes ravis de lire votre satisfaction ! Merci d'avoir choisi notre établissement.",1
1363,1362,"Nous vous remercions chaleureusement pour vos mots et attendons votre retour avec impatience.",1
1364,1361,"Nous sommes ravis de lire votre satisfaction ! Merci d'avoir choisi notre établissement.",1
1365,1364,"C'est toujours un plaisir de servir nos clients. À très bientôt !",1
1366,0,"Un séjour absolument parfait, merci pour tout !",1
1367,1366,"Nous sommes ravis de lire votre satisfaction ! Merci d'avoir choisi notre établissement.",1
1368,1367,"C'est toujours un plaisir de servir nos clients. À très bientôt !",1
1369,1366,"Nous sommes ravis de lire votre satisfaction ! Merci d'avoir choisi notre établissement.",1
1370,1369,"C'est toujours un plaisir de servir nos clients. À très bientôt !",1
1371,0,"Un séjour absolument parfait, merci pour tout !",1
1372,1371,"Votre enthousiasme est notre meilleure récompense. Nous avons hâte de vous accueillir à nouveau.",1
1373,1372,"Nous vous remercions chaleureusement pour vos mots et attendons votre retour avec impatience.",1
1374,1371,"Nous sommes ravis de lire votre satisfaction ! Merci d'avoir choisi notre établissement.",1
1375,1374,"Nous vous remercions chaleureusement pour vos mots et attendons votre retour avec impatience.",1
1376,0,"Service impeccable, accueil chaleureux, je ne pouvais pas espérer mieux.",1
1377,1376,"Nous sommes ravis de lire votre satisfaction ! Merci d'avoir choisi notre établissement.",1
1378,1377,"C'est toujours un plaisir de servir nos clients. À très bientôt !",1
1379,1376,"Votre enthousiasme est notre meilleure récompense. Nous avons hâte de vous accueillir à nouveau.",1
1380,1379,"Nous vous remercions chaleureusement pour vos mots et attendons votre retour avec impatience.",1
1381,0,"Un séjour absolument parfait, merci pour tout !",1
1382,1381,"Votre enthousiasme est notre meilleure récompense. Nous avons hâte de vous accueillir à nouveau.",1
1383,1382,"Nous vous remercions chaleureusement pour vos mots et attendons votre retour avec impatience.",1
1384,1381,"Nous sommes ravis de lire votre satisfaction ! Merci d'avoir choisi notre établissement.",1
1385,1384,"C'est toujours un plaisir de servir nos clients. À très bientôt !",1
1386,0,"Un séjour absolument parfait, merci pour tout !",1
1387,1386,"Nous sommes ravis de lire votre satisfaction ! Merci d'avoir choisi notre établissement.",1
1388,1387,"Nous vous remercions chaleureusement pour vos mots et attendons votre retour avec impatience.",1
1389,1386,"Nous sommes ravis de lire votre satisfaction ! Merci d'avoir choisi notre établissement.",1
1390,1389,"Nous vous remercions chaleureusement pour vos mots et attendons votre retour avec impatience.",1
1391,0,"Exceptionnel sur tous les points, je recommande vivement.",1
1392,1391,"Votre enthousiasme est notre meilleure récompense. Nous avons hâte de vous accueillir à nouveau.",1
1393,1392,"C'est toujours un plaisir de servir nos clients. À très bientôt !",1
1394,1391,"Nous sommes ravis de lire votre satisfaction ! Merci d'avoir choisi notre établissement.",1
1395,1394,"C'est toujours un plaisir de servir nos clients. À très bientôt !",1
1396,0,"Exceptionnel sur tous les points, je recommande vivement.",1
1397,1396,"Votre enthousiasme est notre meilleure récompense. Nous avons hâte de vous accueillir à nouveau.",1
1398,1397,"Nous vous remercions chaleureusement pour vos mots et attendons votre retour avec impatience.",1
1399,1396,"Nous sommes ravis de lire votre satisfaction ! Merci d'avoir choisi notre établissement.",1
1400,1399,"C'est toujours un plaisir de servir nos clients. À très bientôt !",1
1401,0,"Un séjour absolument parfait, merci pour tout !",1
1402,1401,"Nous sommes ravis de lire votre satisfaction ! Merci d'avoir choisi notre établissement.",1
1403,1402,"C'est toujours un plaisir de servir nos clients. À très bientôt !",1
1404,1401,"Nous sommes ravis de lire votre satisfaction ! Merci d'avoir choisi notre établissement.",1
1405,1404,"Nous vous remercions chaleureusement pour vos mots et attendons votre retour avec impatience.",1
1406,0,"Un séjour absolument parfait, merci pour tout !",1
1407,1406,"Nous sommes ravis de lire votre satisfaction ! Merci d'avoir choisi notre établissement.",1
1408,1407,"Nous vous remercions chaleureusement pour vos mots et attendons votre retour avec impatience.",1
1409,1406,"Nous sommes ravis de lire votre satisfaction ! Merci d'avoir choisi notre établissement.",1
1410,1409,"Nous vous remercions chaleureusement pour vos mots et attendons votre retour avec impatience.",1
1411,0,"Un séjour absolument parfait, merci pour tout !",1
1412,1411,"Votre enthousiasme est notre meilleure récompense. Nous avons hâte de vous accueillir à nouveau.",1
1413,1412,"C'est toujours un plaisir de servir nos clients. À très bientôt !",1
1414,1411,"Nous sommes ravis de lire votre satisfaction ! Merci d'avoir choisi notre établissement.",1
1415,1414,"C'est toujours un plaisir de servir nos clients. À très bientôt !",1
1416,0,"Exceptionnel sur tous les points, je recommande vivement.",1
1417,1416,"Votre enthousiasme est notre meilleure récompense. Nous avons hâte de vous accueillir à nouveau.",1
1418,1417,"Nous vous remercions chaleureusement pour vos mots et attendons votre retour avec impatience.",1
1419,1416,"Votre enthousiasme est notre meilleure récompense. Nous avons hâte de vous accueillir à nouveau.",1
1420,1419,"C'est toujours un plaisir de servir nos clients. À très bientôt !",1
1421,0,"Exceptionnel sur tous les points, je recommande vivement.",1
1422,1421,"Votre enthousiasme est notre meilleure récompense. Nous avons hâte de vous accueillir à nouveau.",1
1423,1422,"C'est toujours un plaisir de servir nos clients. À très bientôt !",1
1424,1421,"Nous sommes ravis de lire votre satisfaction ! Merci d'avoir choisi notre établissement.",1
1425,1424,"C'est toujours un plaisir de servir nos clients. À très bientôt !",1
1426,0,"Service impeccable, accueil chaleureux, je ne pouvais pas espérer mieux.",1
1427,1426,"Votre enthousiasme est notre meilleure récompense. Nous avons hâte de vous accueillir à nouveau.",1
1428,1427,"C'est toujours un plaisir de servir nos clients. À très bientôt !",1
1429,1426,"Votre enthousiasme est notre meilleure récompense. Nous avons hâte de vous accueillir à nouveau.",1
1430,1429,"C'est toujours un plaisir de servir nos clients. À très bientôt !",1
1431,0,"Un séjour absolument parfait, merci pour tout !",1
1432,1431,"Votre enthousiasme est notre meilleure récompense. Nous avons hâte de vous accueillir à nouveau.",1
1433,1432,"C'est toujours un plaisir de servir nos clients. À très bientôt !",1
1434,1431,"Votre enthousiasme est notre meilleure récompense. Nous avons hâte de vous accueillir à nouveau.",1
1435,1434,"Nous vous remercions chaleureusement pour vos mots et attendons votre retour avec impatience.",1
1436,0,"Service impeccable, accueil chaleureux, je ne pouvais pas espérer mieux.",1
1437,1436,"Votre enthousiasme est notre meilleure récompense. Nous avons hâte de vous accueillir à nouveau.",1
1438,1437,"C'est toujours un plaisir de servir nos clients. À très bientôt !",1
1439,1436,"Nous sommes ravis de lire votre satisfaction ! Merci d'avoir choisi notre établissement.",1
1440,1439,"Nous vous remercions chaleureusement pour vos mots et attendons votre retour avec impatience.",1
1441,0,"Exceptionnel sur tous les points, je recommande vivement.",1
1442,1441,"Nous sommes ravis de lire votre satisfaction ! Merci d'avoir choisi notre établissement.",1
1443,1442,"Nous vous remercions chaleureusement pour vos mots et attendons votre retour avec impatience.",1
1444,1441,"Votre enthousiasme est notre meilleure récompense. Nous avons hâte de vous accueillir à nouveau.",1
1445,1444,"C'est toujours un plaisir de servir nos clients. À très bientôt !",1
1446,0,"Exceptionnel sur tous les points, je recommande vivement.",1
1447,1446,"Nous sommes ravis de lire votre satisfaction ! Merci d'avoir choisi notre établissement.",1
1448,1447,"C'est toujours un plaisir de servir nos clients. À très bientôt !",1
1449,1446,"Nous sommes ravis de lire votre satisfaction ! Merci d'avoir choisi notre établissement.",1
1450,1449,"Nous vous remercions chaleureusement pour vos mots et attendons votre retour avec impatience.",1
1451,0,"Exceptionnel sur tous les points, je recommande vivement.",1
1452,1451,"Nous sommes ravis de lire votre satisfaction ! Merci d'avoir choisi notre établissement.",1
1453,1452,"Nous vous remercions chaleureusement pour vos mots et attendons votre retour avec impatience.",1
1454,1451,"Nous sommes ravis de lire votre satisfaction ! Merci d'avoir choisi notre établissement.",1
1455,1454,"Nous vous remercions chaleureusement pour vos mots et attendons votre retour avec impatience.",1
1456,0,"Un séjour absolument parfait, merci pour tout !",1
1457,1456,"Votre enthousiasme est notre meilleure récompense. Nous avons hâte de vous accueillir à nouveau.",1
1458,1457,"C'est toujours un plaisir de servir nos clients. À très bientôt !",1
1459,1456,"Nous sommes ravis de lire votre satisfaction ! Merci d'avoir choisi notre établissement.",1
1460,1459,"Nous vous remercions chaleureusement pour vos mots et attendons votre retour avec impatience.",1
1461,0,"Service impeccable, accueil chaleureux, je ne pouvais pas espérer mieux.",1
1462,1461,"Nous sommes ravis de lire votre satisfaction ! Merci d'avoir choisi notre établissement.",1
1463,1462,"Nous vous remercions chaleureusement pour vos mots et attendons votre retour avec impatience.",1
1464,1461,"Votre enthousiasme est notre meilleure récompense. Nous avons hâte de vous accueillir à nouveau.",1
1465,1464,"C'est toujours un plaisir de servir nos clients. À très bientôt !",1
1466,0,"Un séjour absolument parfait, merci pour tout !",1
1467,1466,"Votre enthousiasme est notre meilleure récompense. Nous avons hâte de vous accueillir à nouveau.",1
1468,1467,"Nous vous remercions chaleureusement pour vos mots et attendons votre retour avec impatience.",1
1469,1466,"Votre enthousiasme est notre meilleure récompense. Nous avons hâte de vous accueillir à nouveau.",1
1470,1469,"Nous vous remercions chaleureusement pour vos mots et attendons votre retour avec impatience.",1
1471,0,"Service impeccable, accueil chaleureux, je ne pouvais pas espérer mieux.",1
1472,1471,"Votre enthousiasme est notre meilleure récompense. Nous avons hâte de vous accueillir à nouveau.",1
1473,1472,"Nous vous remercions chaleureusement pour vos mots et attendons votre retour avec impatience.",1
1474,1471,"Votre enthousiasme est notre meilleure récompense. Nous avons hâte de vous accueillir à nouveau.",1
1475,1474,"Nous vous remercions chaleureusement pour vos mots et attendons votre retour avec impatience.",1
1476,0,"Service impeccable, accueil chaleureux, je ne pouvais pas espérer mieux.",1
1477,1476,"Nous sommes ravis de lire votre satisfaction ! Merci d'avoir choisi notre établissement.",1
1478,1477,"C'est toujours un plaisir de servir nos clients. À très bientôt !",1
1479,1476,"Nous sommes ravis de lire votre satisfaction ! Merci d'avoir choisi notre établissement.",1
1480,1479,"C'est toujours un plaisir de servir nos clients. À très bientôt !",1
1481,0,"Service impeccable, accueil chaleureux, je ne pouvais pas espérer mieux.",1
1482,1481,"Nous sommes ravis de lire votre satisfaction ! Merci d'avoir choisi notre établissement.",1
1483,1482,"C'est toujours un plaisir de servir nos clients. À très bientôt !",1
1484,1481,"Votre enthousiasme est notre meilleure récompense. Nous avons hâte de vous accueillir à nouveau.",1
1485,1484,"Nous vous remercions chaleureusement pour vos mots et attendons votre retour avec impatience.",1
1486,0,"Un séjour absolument parfait, merci pour tout !",1
1487,1486,"Votre enthousiasme est notre meilleure récompense. Nous avons hâte de vous accueillir à nouveau.",1
1488,1487,"Nous vous remercions chaleureusement pour vos mots et attendons votre retour avec impatience.",1
1489,1486,"Votre enthousiasme est notre meilleure récompense. Nous avons hâte de vous accueillir à nouveau.",1
1490,1489,"C'est toujours un plaisir de servir nos clients. À très bientôt !",1
1491,0,"Exceptionnel sur tous les points, je recommande vivement.",1
1492,1491,"Votre enthousiasme est notre meilleure récompense. Nous avons hâte de vous accueillir à nouveau.",1
1493,1492,"Nous vous remercions chaleureusement pour vos mots et attendons votre retour avec impatience.",1
1494,1491,"Votre enthousiasme est notre meilleure récompense. Nous avons hâte de vous accueillir à nouveau.",1
1495,1494,"Nous vous remercions chaleureusement pour vos mots et attendons votre retour avec impatience.",1
1496,0,"Service impeccable, accueil chaleureux, je ne pouvais pas espérer mieux.",1
1497,1496,"Nous sommes ravis de lire votre satisfaction ! Merci d'avoir choisi notre établissement.",1
1498,1497,"Nous vous remercions chaleureusement pour vos mots et attendons votre retour avec impatience.",1
1499,1496,"Nous sommes ravis de lire votre satisfaction ! Merci d'avoir choisi notre établissement.",1
1500,1499,"C'est toujours un plaisir de servir nos clients. À très bientôt !",1
1501,0,"Service impeccable, accueil chaleureux, je ne pouvais pas espérer mieux.",1
1502,1501,"Nous sommes ravis de lire votre satisfaction ! Merci d'avoir choisi notre établissement.",1
1503,1502,"C'est toujours un plaisir de servir nos clients. À très bientôt !",1
1504,1501,"Nous sommes ravis de lire votre satisfaction ! Merci d'avoir choisi notre établissement.",1
1505,1504,"C'est toujours un plaisir de servir nos clients. À très bientôt !",1
1506,0,"Service impeccable, accueil chaleureux, je ne pouvais pas espérer mieux.",1
1507,1506,"Nous sommes ravis de lire votre satisfaction ! Merci d'avoir choisi notre établissement.",1
1508,1507,"Nous vous remercions chaleureusement pour vos mots et attendons votre retour avec impatience.",1
1509,1506,"Votre enthousiasme est notre meilleure récompense. Nous avons hâte de vous accueillir à nouveau.",1
1510,1509,"C'est toujours un plaisir de servir nos clients. À très bientôt !",1
1511,0,"Service impeccable, accueil chaleureux, je ne pouvais pas espérer mieux.",1
1512,1511,"Votre enthousiasme est notre meilleure récompense. Nous avons hâte de vous accueillir à nouveau.",1
1513,1512,"Nous vous remercions chaleureusement pour vos mots et attendons votre retour avec impatience.",1
1514,1511,"Nous sommes ravis de lire votre satisfaction ! Merci d'avoir choisi notre établissement.",1
1515,1514,"C'est toujours un plaisir de servir nos clients. À très bientôt !",1
1516,0,"Service impeccable, accueil chaleureux, je ne pouvais pas espérer mieux.",1
1517,1516,"Nous sommes ravis de lire votre satisfaction ! Merci d'avoir choisi notre établissement.",1
1518,1517,"Nous vous remercions chaleureusement pour vos mots et attendons votre retour avec impatience.",1
1519,1516,"Votre enthousiasme est notre meilleure récompense. Nous avons hâte de vous accueillir à nouveau.",1
1520,1519,"Nous vous remercions chaleureusement pour vos mots et attendons votre retour avec impatience.",1
1521,0,"Service impeccable, accueil chaleureux, je ne pouvais pas espérer mieux.",1
1522,1521,"Votre enthousiasme est notre meilleure récompense. Nous avons hâte de vous accueillir à nouveau.",1
1523,1522,"C'est toujours un plaisir de servir nos clients. À très bientôt !",1
1524,1521,"Nous sommes ravis de lire votre satisfaction ! Merci d'avoir choisi notre établissement.",1
1525,1524,"C'est toujours un plaisir de servir nos clients. À très bientôt !",1
1526,0,"Un séjour absolument parfait, merci pour tout !",1
1527,1526,"Nous sommes ravis de lire votre satisfaction ! Merci d'avoir choisi notre établissement.",1
1528,1527,"Nous vous remercions chaleureusement pour vos mots et attendons votre retour avec impatience.",1
1529,1526,"Nous sommes ravis de lire votre satisfaction ! Merci d'avoir choisi notre établissement.",1
1530,1529,"Nous vous remercions chaleureusement pour vos mots et attendons votre retour avec impatience.",1
1531,0,"Service impeccable, accueil chaleureux, je ne pouvais pas espérer mieux.",1
1532,1531,"Votre enthousiasme est notre meilleure récompense. Nous avons hâte de vous accueillir à nouveau.",1
1533,1532,"C'est toujours un plaisir de servir nos clients. À très bientôt !",1
1534,1531,"Votre enthousiasme est notre meilleure récompense. Nous avons hâte de vous accueillir à nouveau.",1
1535,1534,"Nous vous remercions chaleureusement pour vos mots et attendons votre retour avec impatience.",1
1536,0,"Un séjour absolument parfait, merci pour tout !",1
1537,1536,"Nous sommes ravis de lire votre satisfaction ! Merci d'avoir choisi notre établissement.",1
1538,1537,"Nous vous remercions chaleureusement pour vos mots et attendons votre retour avec impatience.",1
1539,1536,"Nous sommes ravis de lire votre satisfaction ! Merci d'avoir choisi notre établissement.",1
1540,1539,"Nous vous remercions chaleureusement pour vos mots et attendons votre retour avec impatience.",1
1541,0,"Exceptionnel sur tous les points, je recommande vivement.",1
1542,1541,"Votre enthousiasme est notre meilleure récompense. Nous avons hâte de vous accueillir à nouveau.",1
1543,1542,"C'est toujours un plaisir de servir nos clients. À très bientôt !",1
1544,1541,"Nous sommes ravis de lire votre satisfaction ! Merci d'avoir choisi notre établissement.",1
1545,1544,"Nous vous remercions chaleureusement pour vos mots et attendons votre retour avec impatience.",1
1546,0,"Exceptionnel sur tous les points, je recommande vivement.",1
1547,1546,"Nous sommes ravis de lire votre satisfaction ! Merci d'avoir choisi notre établissement.",1
1548,1547,"C'est toujours un plaisir de servir nos clients. À très bientôt !",1
1549,1546,"Nous sommes ravis de lire votre satisfaction ! Merci d'avoir choisi notre établissement.",1
1550,1549,"C'est toujours un plaisir de servir nos clients. À très bientôt !",1
1551,0,"Service impeccable, accueil chaleureux, je ne pouvais pas espérer mieux.",1
1552,1551,"Votre enthousiasme est notre meilleure récompense. Nous avons hâte de vous accueillir à nouveau.",1
1553,1552,"C'est toujours un plaisir de servir nos clients. À très bientôt !",1
1554,1551,"Nous sommes ravis de lire votre satisfaction ! Merci d'avoir choisi notre établissement.",1
1555,1554,"C'est toujours un plaisir de servir nos clients. À très bientôt !",1
1556,0,"Exceptionnel sur tous les points, je recommande vivement.",1
1557,1556,"Votre enthousiasme est notre meilleure récompense. Nous avons hâte de vous accueillir à nouveau.",1
1558,1557,"Nous vous remercions chaleureusement pour vos mots et attendons votre retour avec impatience.",1
1559,1556,"Votre enthousiasme est notre meilleure récompense. Nous avons hâte de vous accueillir à nouveau.",1
1560,1559,"Nous vous remercions chaleureusement pour vos mots et attendons votre retour avec impatience.",1
1561,0,"Un séjour absolument parfait, merci pour tout !",1
1562,1561,"Votre enthousiasme est notre meilleure récompense. Nous avons hâte de vous accueillir à nouveau.",1
1563,1562,"Nous vous remercions chaleureusement pour vos mots et attendons votre retour avec impatience.",1
1564,1561,"Nous sommes ravis de lire votre satisfaction ! Merci d'avoir choisi notre établissement.",1
1565,1564,"Nous vous remercions chaleureusement pour vos mots et attendons votre retour avec impatience.",1
1566,0,"Un séjour absolument parfait, merci pour tout !",1
1567,1566,"Votre enthousiasme est notre meilleure récompense. Nous avons hâte de vous accueillir à nouveau.",1
1568,1567,"C'est toujours un plaisir de servir nos clients. À très bientôt !",1
1569,1566,"Votre enthousiasme est notre meilleure récompense. Nous avons hâte de vous accueillir à nouveau.",1
1570,1569,"C'est toujours un plaisir de servir nos clients. À très bientôt !",1
1571,0,"Service impeccable, accueil chaleureux, je ne pouvais pas espérer mieux.",1
1572,1571,"Nous sommes ravis de lire votre satisfaction ! Merci d'avoir choisi notre établissement.",1
1573,1572,"Nous vous remercions chaleureusement pour vos mots et attendons votre retour avec impatience.",1
1574,1571,"Votre enthousiasme est notre meilleure récompense. Nous avons hâte de vous accueillir à nouveau.",1
1575,1574,"C'est toujours un plaisir de servir nos clients. À très bientôt !",1
1576,0,"Un séjour absolument parfait, merci pour tout !",1
1577,1576,"Nous sommes ravis de lire votre satisfaction ! Merci d'avoir choisi notre établissement.",1
1578,1577,"C'est toujours un plaisir de servir nos clients. À très bientôt !",1
1579,1576,"Nous sommes ravis de lire votre satisfaction ! Merci d'avoir choisi notre établissement.",1
1580,1579,"Nous vous remercions chaleureusement pour vos mots et attendons votre retour avec impatience.",1
1581,0,"Un séjour absolument parfait, merci pour tout !",1
1582,1581,"Votre enthousiasme est notre meilleure récompense. Nous avons hâte de vous accueillir à nouveau.",1
1583,1582,"Nous vous remercions chaleureusement pour vos mots et attendons votre retour avec impatience.",1
1584,1581,"Nous sommes ravis de lire votre satisfaction ! Merci d'avoir choisi notre établissement.",1
1585,1584,"Nous vous remercions chaleureusement pour vos mots et attendons votre retour avec impatience.",1
1586,0,"Exceptionnel sur tous les points, je recommande vivement.",1
1587,1586,"Nous sommes ravis de lire votre satisfaction ! Merci d'avoir choisi notre établissement.",1
1588,1587,"C'est toujours un plaisir de servir nos clients. À très bientôt !",1
1589,1586,"Votre enthousiasme est notre meilleure récompense. Nous avons hâte de vous accueillir à nouveau.",1
1590,1589,"C'est toujours un plaisir de servir nos clients. À très bientôt !",1
1591,0,"Exceptionnel sur tous les points, je recommande vivement.",1
1592,1591,"Nous sommes ravis de lire votre satisfaction ! Merci d'avoir choisi notre établissement.",1
1593,1592,"C'est toujours un plaisir de servir nos clients. À très bientôt !",1
1594,1591,"Votre enthousiasme est notre meilleure récompense. Nous avons hâte de vous accueillir à nouveau.",1
1595,1594,"Nous vous remercions chaleureusement pour vos mots et attendons votre retour avec impatience.",1
1596,0,"Service impeccable, accueil chaleureux, je ne pouvais pas espérer mieux.",1
1597,1596,"Nous sommes ravis de lire votre satisfaction ! Merci d'avoir choisi notre établissement.",1
1598,1597,"Nous vous remercions chaleureusement pour vos mots et attendons votre retour avec impatience.",1
1599,1596,"Votre enthousiasme est notre meilleure récompense. Nous avons hâte de vous accueillir à nouveau.",1
1600,1599,"C'est toujours un plaisir de servir nos clients. À très bientôt !",1
1601,0,"Service impeccable, accueil chaleureux, je ne pouvais pas espérer mieux.",1
1602,1601,"Nous sommes ravis de lire votre satisfaction ! Merci d'avoir choisi notre établissement.",1
1603,1602,"Nous vous remercions chaleureusement pour vos mots et attendons votre retour avec impatience.",1
1604,1601,"Nous sommes ravis de lire votre satisfaction ! Merci d'avoir choisi notre établissement.",1
1605,1604,"Nous vous remercions chaleureusement pour vos mots et attendons votre retour avec impatience.",1
1606,0,"Un séjour absolument parfait, merci pour tout !",1
1607,1606,"Votre enthousiasme est notre meilleure récompense. Nous avons hâte de vous accueillir à nouveau.",1
1608,1607,"C'est toujours un plaisir de servir nos clients. À très bientôt !",1
1609,1606,"Votre enthousiasme est notre meilleure récompense. Nous avons hâte de vous accueillir à nouveau.",1
1610,1609,"C'est toujours un plaisir de servir nos clients. À très bientôt !",1
1611,0,"Exceptionnel sur tous les points, je recommande vivement.",1
1612,1611,"Votre enthousiasme est notre meilleure récompense. Nous avons hâte de vous accueillir à nouveau.",1
1613,1612,"Nous vous remercions chaleureusement pour vos mots et attendons votre retour avec impatience.",1
1614,1611,"Nous sommes ravis de lire votre satisfaction ! Merci d'avoir choisi notre établissement.",1
1615,1614,"Nous vous remercions chaleureusement pour vos mots et attendons votre retour avec impatience.",1
1616,0,"Service impeccable, accueil chaleureux, je ne pouvais pas espérer mieux.",1
1617,1616,"Nous sommes ravis de lire votre satisfaction ! Merci d'avoir choisi notre établissement.",1
1618,1617,"C'est toujours un plaisir de servir nos clients. À très bientôt !",1
1619,1616,"Nous sommes ravis de lire votre satisfaction ! Merci d'avoir choisi notre établissement.",1
1620,1619,"Nous vous remercions chaleureusement pour vos mots et attendons votre retour avec impatience.",1
1621,0,"Service impeccable, accueil chaleureux, je ne pouvais pas espérer mieux.",1
1622,1621,"Nous sommes ravis de lire votre satisfaction ! Merci d'avoir choisi notre établissement.",1
1623,1622,"C'est toujours un plaisir de servir nos clients. À très bientôt !",1
1624,1621,"Nous sommes ravis de lire votre satisfaction ! Merci d'avoir choisi notre établissement.",1
1625,1624,"C'est toujours un plaisir de servir nos clients. À très bientôt !",1
1626,0,"Service impeccable, accueil chaleureux, je ne pouvais pas espérer mieux.",1
1627,1626,"Nous sommes ravis de lire votre satisfaction ! Merci d'avoir choisi notre établissement.",1
1628,1627,"Nous vous remercions chaleureusement pour vos mots et attendons votre retour avec impatience.",1
1629,1626,"Nous sommes ravis de lire votre satisfaction ! Merci d'avoir choisi notre établissement.",1
1630,1629,"C'est toujours un plaisir de servir nos clients. À très bientôt !",1
1631,0,"Service impeccable, accueil chaleureux, je ne pouvais pas espérer mieux.",1
1632,1631,"Votre enthousiasme est notre meilleure récompense. Nous avons hâte de vous accueillir à nouveau.",1
1633,1632,"C'est toujours un plaisir de servir nos clients. À très bientôt !",1
1634,1631,"Votre enthousiasme est notre meilleure récompense. Nous avons hâte de vous accueillir à nouveau.",1
1635,1634,"Nous vous remercions chaleureusement pour vos mots et attendons votre retour avec impatience.",1
1636,0,"Exceptionnel sur tous les points, je recommande vivement.",1
1637,1636,"Nous sommes ravis de lire votre satisfaction ! Merci d'avoir choisi notre établissement.",1
1638,1637,"C'est toujours un plaisir de servir nos clients. À très bientôt !",1
1639,1636,"Votre enthousiasme est notre meilleure récompense. Nous avons hâte de vous accueillir à nouveau.",1
1640,1639,"C'est toujours un plaisir de servir nos clients. À très bientôt !",1
1641,0,"Exceptionnel sur tous les points, je recommande vivement.",1
1642,1641,"Votre enthousiasme est notre meilleure récompense. Nous avons hâte de vous accueillir à nouveau.",1
1643,1642,"C'est toujours un plaisir de servir nos clients. À très bientôt !",1
1644,1641,"Votre enthousiasme est notre meilleure récompense. Nous avons hâte de vous accueillir à nouveau.",1
1645,1644,"C'est toujours un plaisir de servir nos clients. À très bientôt !",1
1646,0,"Un séjour absolument parfait, merci pour tout !",1
1647,1646,"Nous sommes ravis de lire votre satisfaction ! Merci d'avoir choisi notre établissement.",1
1648,1647,"C'est toujours un plaisir de servir nos clients. À très bientôt !",1
1649,1646,"Votre enthousiasme est notre meilleure récompense. Nous avons hâte de vous accueillir à nouveau.",1
1650,1649,"C'est toujours un plaisir de servir nos clients. À très bientôt !",1
1651,0,"Service impeccable, accueil chaleureux, je ne pouvais pas espérer mieux.",1
1652,1651,"Nous sommes ravis de lire votre satisfaction ! Merci d'avoir choisi notre établissement.",1
1653,1652,"C'est toujours un plaisir de servir nos clients. À très bientôt !",1
1654,1651,"Nous sommes ravis de lire votre satisfaction ! Merci d'avoir choisi notre établissement.",1
1655,1654,"Nous vous remercions chaleureusement pour vos mots et attendons votre retour avec impatience.",1
1656,0,"Exceptionnel sur tous les points, je recommande vivement.",1
1657,1656,"Nous sommes ravis de lire votre satisfaction ! Merci d'avoir choisi notre établissement.",1
1658,1657,"Nous vous remercions chaleureusement pour vos mots et attendons votre retour avec impatience.",1
1659,1656,"Nous sommes ravis de lire votre satisfaction ! Merci d'avoir choisi notre établissement.",1
1660,1659,"C'est toujours un plaisir de servir nos clients. À très bientôt !",1
1661,0,"Exceptionnel sur tous les points, je recommande vivement.",1
1662,1661,"Nous sommes ravis de lire votre satisfaction ! Merci d'avoir choisi notre établissement.",1
1663,1662,"C'est toujours un plaisir de servir nos clients. À très bientôt !",1
1664,1661,"Votre enthousiasme est notre meilleure récompense. Nous avons hâte de vous accueillir à nouveau.",1
1665,1664,"C'est toujours un plaisir de servir nos clients. À très bientôt !",1
1666,0,"Bon séjour dans l'ensemble, mais quelques points à améliorer.",2
1667,1666,"Votre avis est important pour nous aider à progresser. Merci d'avoir pris le temps de nous écrire.",2
1668,1667,"Nous espérons vous offrir une meilleure expérience lors de votre prochaine visite.",2
1669,1666,"Merci pour votre retour, nous sommes attentifs à vos suggestions pour améliorer nos services.",2
1670,1669,"Nous travaillons déjà sur les améliorations évoquées. Merci de votre compréhension.",2
1671,0,"Correct, mais je m'attendais à un peu mieux vu les avis.",2
1672,1671,"Merci pour votre retour, nous sommes attentifs à vos suggestions pour améliorer nos services.",2
1673,1672,"Nous travaillons déjà sur les améliorations évoquées. Merci de votre compréhension.",2
1674,1671,"Merci pour votre retour, nous sommes attentifs à vos suggestions pour améliorer nos services.",2
1675,1674,"Nous espérons vous offrir une meilleure expérience lors de votre prochaine visite.",2
1676,0,"Bon séjour dans l'ensemble, mais quelques points à améliorer.",2
1677,1676,"Votre avis est important pour nous aider à progresser. Merci d'avoir pris le temps de nous écrire.",2
1678,1677,"Nous travaillons déjà sur les améliorations évoquées. Merci de votre compréhension.",2
1679,1676,"Merci pour votre retour, nous sommes attentifs à vos suggestions pour améliorer nos services.",2
1680,1679,"Nous espérons vous offrir une meilleure expérience lors de votre prochaine visite.",2
1681,0,"Correct, mais je m'attendais à un peu mieux vu les avis.",2
1682,1681,"Merci pour votre retour, nous sommes attentifs à vos suggestions pour améliorer nos services.",2
1683,1682,"Nous espérons vous offrir une meilleure expérience lors de votre prochaine visite.",2
1684,1681,"Votre avis est important pour nous aider à progresser. Merci d'avoir pris le temps de nous écrire.",2
1685,1684,"Nous espérons vous offrir une meilleure expérience lors de votre prochaine visite.",2
1686,0,"Bon séjour dans l'ensemble, mais quelques points à améliorer.",2
1687,1686,"Votre avis est important pour nous aider à progresser. Merci d'avoir pris le temps de nous écrire.",2
1688,1687,"Nous espérons vous offrir une meilleure expérience lors de votre prochaine visite.",2
1689,1686,"Merci pour votre retour, nous sommes attentifs à vos suggestions pour améliorer nos services.",2
1690,1689,"Nous travaillons déjà sur les améliorations évoquées. Merci de votre compréhension.",2
1691,0,"Bon séjour dans l'ensemble, mais quelques points à améliorer.",2
1692,1691,"Merci pour votre retour, nous sommes attentifs à vos suggestions pour améliorer nos services.",2
1693,1692,"Nous espérons vous offrir une meilleure expérience lors de votre prochaine visite.",2
1694,1691,"Merci pour votre retour, nous sommes attentifs à vos suggestions pour améliorer nos services.",2
1695,1694,"Nous espérons vous offrir une meilleure expérience lors de votre prochaine visite.",2
1696,0,"Plutôt satisfait, mais il y a de la marge pour rendre l'expérience plus mémorable.",2
1697,1696,"Merci pour votre retour, nous sommes attentifs à vos suggestions pour améliorer nos services.",2
1698,1697,"Nous travaillons déjà sur les améliorations évoquées. Merci de votre compréhension.",2
1699,1696,"Merci pour votre retour, nous sommes attentifs à vos suggestions pour améliorer nos services.",2
1700,1699,"Nous travaillons déjà sur les améliorations évoquées. Merci de votre compréhension.",2
1701,0,"Correct, mais je m'attendais à un peu mieux vu les avis.",2
1702,1701,"Merci pour votre retour, nous sommes attentifs à vos suggestions pour améliorer nos services.",2
1703,1702,"Nous espérons vous offrir une meilleure expérience lors de votre prochaine visite.",2
1704,1701,"Votre avis est important pour nous aider à progresser. Merci d'avoir pris le temps de nous écrire.",2
1705,1704,"Nous travaillons déjà sur les améliorations évoquées. Merci de votre compréhension.",2
1706,0,"Bon séjour dans l'ensemble, mais quelques points à améliorer.",2
1707,1706,"Merci pour votre retour, nous sommes attentifs à vos suggestions pour améliorer nos services.",2
1708,1707,"Nous espérons vous offrir une meilleure expérience lors de votre prochaine visite.",2
1709,1706,"Merci pour votre retour, nous sommes attentifs à vos suggestions pour améliorer nos services.",2
1710,1709,"Nous travaillons déjà sur les améliorations évoquées. Merci de votre compréhension.",2
1711,0,"Bon séjour dans l'ensemble, mais quelques points à améliorer.",2
1712,1711,"Votre avis est important pour nous aider à progresser. Merci d'avoir pris le temps de nous écrire.",2
1713,1712,"Nous espérons vous offrir une meilleure expérience lors de votre prochaine visite.",2
1714,1711,"Merci pour votre retour, nous sommes attentifs à vos suggestions pour améliorer nos services.",2
1715,1714,"Nous travaillons déjà sur les améliorations évoquées. Merci de votre compréhension.",2
1716,0,"Correct, mais je m'attendais à un peu mieux vu les avis.",2
1717,1716,"Merci pour votre retour, nous sommes attentifs à vos suggestions pour améliorer nos services.",2
1718,1717,"Nous espérons vous offrir une meilleure expérience lors de votre prochaine visite.",2
1719,1716,"Merci pour votre retour, nous sommes attentifs à vos suggestions pour améliorer nos services.",2
1720,1719,"Nous travaillons déjà sur les améliorations évoquées. Merci de votre compréhension.",2
1721,0,"Plutôt satisfait, mais il y a de la marge pour rendre l'expérience plus mémorable.",2
1722,1721,"Merci pour votre retour, nous sommes attentifs à vos suggestions pour améliorer nos services.",2
1723,1722,"Nous espérons vous offrir une meilleure expérience lors de votre prochaine visite.",2
1724,1721,"Merci pour votre retour, nous sommes attentifs à vos suggestions pour améliorer nos services.",2
1725,1724,"Nous travaillons déjà sur les améliorations évoquées. Merci de votre compréhension.",2
1726,0,"Correct, mais je m'attendais à un peu mieux vu les avis.",2
1727,1726,"Votre avis est important pour nous aider à progresser. Merci d'avoir pris le temps de nous écrire.",2
1728,1727,"Nous travaillons déjà sur les améliorations évoquées. Merci de votre compréhension.",2
1729,1726,"Votre avis est important pour nous aider à progresser. Merci d'avoir pris le temps de nous écrire.",2
1730,1729,"Nous espérons vous offrir une meilleure expérience lors de votre prochaine visite.",2
1731,0,"Correct, mais je m'attendais à un peu mieux vu les avis.",2
1732,1731,"Votre avis est important pour nous aider à progresser. Merci d'avoir pris le temps de nous écrire.",2
1733,1732,"Nous travaillons déjà sur les améliorations évoquées. Merci de votre compréhension.",2
1734,1731,"Merci pour votre retour, nous sommes attentifs à vos suggestions pour améliorer nos services.",2
1735,1734,"Nous travaillons déjà sur les améliorations évoquées. Merci de votre compréhension.",2
1736,0,"Plutôt satisfait, mais il y a de la marge pour rendre l'expérience plus mémorable.",2
1737,1736,"Merci pour votre retour, nous sommes attentifs à vos suggestions pour améliorer nos services.",2
1738,1737,"Nous espérons vous offrir une meilleure expérience lors de votre prochaine visite.",2
1739,1736,"Votre avis est important pour nous aider à progresser. Merci d'avoir pris le temps de nous écrire.",2
1740,1739,"Nous travaillons déjà sur les améliorations évoquées. Merci de votre compréhension.",2
1741,0,"Correct, mais je m'attendais à un peu mieux vu les avis.",2
1742,1741,"Votre avis est important pour nous aider à progresser. Merci d'avoir pris le temps de nous écrire.",2
1743,1742,"Nous espérons vous offrir une meilleure expérience lors de votre prochaine visite.",2
1744,1741,"Merci pour votre retour, nous sommes attentifs à vos suggestions pour améliorer nos services.",2
1745,1744,"Nous travaillons déjà sur les améliorations évoquées. Merci de votre compréhension.",2
1746,0,"Correct, mais je m'attendais à un peu mieux vu les avis.",2
1747,1746,"Votre avis est important pour nous aider à progresser. Merci d'avoir pris le temps de nous écrire.",2
1748,1747,"Nous travaillons déjà sur les améliorations évoquées. Merci de votre compréhension.",2
1749,1746,"Merci pour votre retour, nous sommes attentifs à vos suggestions pour améliorer nos services.",2
1750,1749,"Nous travaillons déjà sur les améliorations évoquées. Merci de votre compréhension.",2
1751,0,"Plutôt satisfait, mais il y a de la marge pour rendre l'expérience plus mémorable.",2
1752,1751,"Votre avis est important pour nous aider à progresser. Merci d'avoir pris le temps de nous écrire.",2
1753,1752,"Nous espérons vous offrir une meilleure expérience lors de votre prochaine visite.",2
1754,1751,"Votre avis est important pour nous aider à progresser. Merci d'avoir pris le temps de nous écrire.",2
1755,1754,"Nous espérons vous offrir une meilleure expérience lors de votre prochaine visite.",2
1756,0,"Correct, mais je m'attendais à un peu mieux vu les avis.",2
1757,1756,"Votre avis est important pour nous aider à progresser. Merci d'avoir pris le temps de nous écrire.",2
1758,1757,"Nous espérons vous offrir une meilleure expérience lors de votre prochaine visite.",2
1759,1756,"Votre avis est important pour nous aider à progresser. Merci d'avoir pris le temps de nous écrire.",2
1760,1759,"Nous travaillons déjà sur les améliorations évoquées. Merci de votre compréhension.",2
1761,0,"Plutôt satisfait, mais il y a de la marge pour rendre l'expérience plus mémorable.",2
1762,1761,"Votre avis est important pour nous aider à progresser. Merci d'avoir pris le temps de nous écrire.",2
1763,1762,"Nous travaillons déjà sur les améliorations évoquées. Merci de votre compréhension.",2
1764,1761,"Votre avis est important pour nous aider à progresser. Merci d'avoir pris le temps de nous écrire.",2
1765,1764,"Nous espérons vous offrir une meilleure expérience lors de votre prochaine visite.",2
1766,0,"Correct, mais je m'attendais à un peu mieux vu les avis.",2
1767,1766,"Merci pour votre retour, nous sommes attentifs à vos suggestions pour améliorer nos services.",2
1768,1767,"Nous travaillons déjà sur les améliorations évoquées. Merci de votre compréhension.",2
1769,1766,"Merci pour votre retour, nous sommes attentifs à vos suggestions pour améliorer nos services.",2
1770,1769,"Nous travaillons déjà sur les améliorations évoquées. Merci de votre compréhension.",2
1771,0,"Correct, mais je m'attendais à un peu mieux vu les avis.",2
1772,1771,"Votre avis est important pour nous aider à progresser. Merci d'avoir pris le temps de nous écrire.",2
1773,1772,"Nous travaillons déjà sur les améliorations évoquées. Merci de votre compréhension.",2
1774,1771,"Votre avis est important pour nous aider à progresser. Merci d'avoir pris le temps de nous écrire.",2
1775,1774,"Nous travaillons déjà sur les améliorations évoquées. Merci de votre compréhension.",2
1776,0,"Plutôt satisfait, mais il y a de la marge pour rendre l'expérience plus mémorable.",2
1777,1776,"Merci pour votre retour, nous sommes attentifs à vos suggestions pour améliorer nos services.",2
1778,1777,"Nous espérons vous offrir une meilleure expérience lors de votre prochaine visite.",2
1779,1776,"Merci pour votre retour, nous sommes attentifs à vos suggestions pour améliorer nos services.",2
1780,1779,"Nous espérons vous offrir une meilleure expérience lors de votre prochaine visite.",2
1781,0,"Bon séjour dans l'ensemble, mais quelques points à améliorer.",2
1782,1781,"Votre avis est important pour nous aider à progresser. Merci d'avoir pris le temps de nous écrire.",2
1783,1782,"Nous espérons vous offrir une meilleure expérience lors de votre prochaine visite.",2
1784,1781,"Votre avis est important pour nous aider à progresser. Merci d'avoir pris le temps de nous écrire.",2
1785,1784,"Nous travaillons déjà sur les améliorations évoquées. Merci de votre compréhension.",2
1786,0,"Bon séjour dans l'ensemble, mais quelques points à améliorer.",2
1787,1786,"Merci pour votre retour, nous sommes attentifs à vos suggestions pour améliorer nos services.",2
1788,1787,"Nous espérons vous offrir une meilleure expérience lors de votre prochaine visite.",2
1789,1786,"Votre avis est important pour nous aider à progresser. Merci d'avoir pris le temps de nous écrire.",2
1790,1789,"Nous espérons vous offrir une meilleure expérience lors de votre prochaine visite.",2
1791,0,"Plutôt satisfait, mais il y a de la marge pour rendre l'expérience plus mémorable.",2
1792,1791,"Votre avis est important pour nous aider à progresser. Merci d'avoir pris le temps de nous écrire.",2
1793,1792,"Nous espérons vous offrir une meilleure expérience lors de votre prochaine visite.",2
1794,1791,"Votre avis est important pour nous aider à progresser. Merci d'avoir pris le temps de nous écrire.",2
1795,1794,"Nous espérons vous offrir une meilleure expérience lors de votre prochaine visite.",2
1796,0,"Correct, mais je m'attendais à un peu mieux vu les avis.",2
1797,1796,"Votre avis est important pour nous aider à progresser. Merci d'avoir pris le temps de nous écrire.",2
1798,1797,"Nous travaillons déjà sur les améliorations évoquées. Merci de votre compréhension.",2
1799,1796,"Merci pour votre retour, nous sommes attentifs à vos suggestions pour améliorer nos services.",2
1800,1799,"Nous travaillons déjà sur les améliorations évoquées. Merci de votre compréhension.",2
1801,0,"Correct, mais je m'attendais à un peu mieux vu les avis.",2
1802,1801,"Merci pour votre retour, nous sommes attentifs à vos suggestions pour améliorer nos services.",2
1803,1802,"Nous espérons vous offrir une meilleure expérience lors de votre prochaine visite.",2
1804,1801,"Votre avis est important pour nous aider à progresser. Merci d'avoir pris le temps de nous écrire.",2
1805,1804,"Nous espérons vous offrir une meilleure expérience lors de votre prochaine visite.",2
1806,0,"Correct, mais je m'attendais à un peu mieux vu les avis.",2
1807,1806,"Merci pour votre retour, nous sommes attentifs à vos suggestions pour améliorer nos services.",2
1808,1807,"Nous espérons vous offrir une meilleure expérience lors de votre prochaine visite.",2
1809,1806,"Merci pour votre retour, nous sommes attentifs à vos suggestions pour améliorer nos services.",2
1810,1809,"Nous espérons vous offrir une meilleure expérience lors de votre prochaine visite.",2
1811,0,"Bon séjour dans l'ensemble, mais quelques points à améliorer.",2
1812,1811,"Votre avis est important pour nous aider à progresser. Merci d'avoir pris le temps de nous écrire.",2
1813,1812,"Nous espérons vous offrir une meilleure expérience lors de votre prochaine visite.",2
1814,1811,"Merci pour votre retour, nous sommes attentifs à vos suggestions pour améliorer nos services.",2
1815,1814,"Nous travaillons déjà sur les améliorations évoquées. Merci de votre compréhension.",2
1816,0,"Bon séjour dans l'ensemble, mais quelques points à améliorer.",2
1817,1816,"Votre avis est important pour nous aider à progresser. Merci d'avoir pris le temps de nous écrire.",2
1818,1817,"Nous espérons vous offrir une meilleure expérience lors de votre prochaine visite.",2
1819,1816,"Merci pour votre retour, nous sommes attentifs à vos suggestions pour améliorer nos services.",2
1820,1819,"Nous espérons vous offrir une meilleure expérience lors de votre prochaine visite.",2
1821,0,"Bon séjour dans l'ensemble, mais quelques points à améliorer.",2
1822,1821,"Merci pour votre retour, nous sommes attentifs à vos suggestions pour améliorer nos services.",2
1823,1822,"Nous espérons vous offrir une meilleure expérience lors de votre prochaine visite.",2
1824,1821,"Votre avis est important pour nous aider à progresser. Merci d'avoir pris le temps de nous écrire.",2
1825,1824,"Nous espérons vous offrir une meilleure expérience lors de votre prochaine visite.",2
1826,0,"Correct, mais je m'attendais à un peu mieux vu les avis.",2
1827,1826,"Merci pour votre retour, nous sommes attentifs à vos suggestions pour améliorer nos services.",2
1828,1827,"Nous travaillons déjà sur les améliorations évoquées. Merci de votre compréhension.",2
1829,1826,"Merci pour votre retour, nous sommes attentifs à vos suggestions pour améliorer nos services.",2
1830,1829,"Nous travaillons déjà sur les améliorations évoquées. Merci de votre compréhension.",2
1831,0,"Correct, mais je m'attendais à un peu mieux vu les avis.",2
1832,1831,"Merci pour votre retour, nous sommes attentifs à vos suggestions pour améliorer nos services.",2
1833,1832,"Nous travaillons déjà sur les améliorations évoquées. Merci de votre compréhension.",2
1834,1831,"Merci pour votre retour, nous sommes attentifs à vos suggestions pour améliorer nos services.",2
1835,1834,"Nous travaillons déjà sur les améliorations évoquées. Merci de votre compréhension.",2
1836,0,"Bon séjour dans l'ensemble, mais quelques points à améliorer.",2
1837,1836,"Votre avis est important pour nous aider à progresser. Merci d'avoir pris le temps de nous écrire.",2
1838,1837,"Nous espérons vous offrir une meilleure expérience lors de votre prochaine visite.",2
1839,1836,"Merci pour votre retour, nous sommes attentifs à vos suggestions pour améliorer nos services.",2
1840,1839,"Nous travaillons déjà sur les améliorations évoquées. Merci de votre compréhension.",2
1841,0,"Correct, mais je m'attendais à un peu mieux vu les avis.",2
1842,1841,"Votre avis est important pour nous aider à progresser. Merci d'avoir pris le temps de nous écrire.",2
1843,1842,"Nous espérons vous offrir une meilleure expérience lors de votre prochaine visite.",2
1844,1841,"Merci pour votre retour, nous sommes attentifs à vos suggestions pour améliorer nos services.",2
1845,1844,"Nous espérons vous offrir une meilleure expérience lors de votre prochaine visite.",2
1846,0,"Bon séjour dans l'ensemble, mais quelques points à améliorer.",2
1847,1846,"Merci pour votre retour, nous sommes attentifs à vos suggestions pour améliorer nos services.",2
1848,1847,"Nous espérons vous offrir une meilleure expérience lors de votre prochaine visite.",2
1849,1846,"Votre avis est important pour nous aider à progresser. Merci d'avoir pris le temps de nous écrire.",2
1850,1849,"Nous travaillons déjà sur les améliorations évoquées. Merci de votre compréhension.",2
1851,0,"Plutôt satisfait, mais il y a de la marge pour rendre l'expérience plus mémorable.",2
1852,1851,"Votre avis est important pour nous aider à progresser. Merci d'avoir pris le temps de nous écrire.",2
1853,1852,"Nous espérons vous offrir une meilleure expérience lors de votre prochaine visite.",2
1854,1851,"Votre avis est important pour nous aider à progresser. Merci d'avoir pris le temps de nous écrire.",2
1855,1854,"Nous travaillons déjà sur les améliorations évoquées. Merci de votre compréhension.",2
1856,0,"Bon séjour dans l'ensemble, mais quelques points à améliorer.",2
1857,1856,"Votre avis est important pour nous aider à progresser. Merci d'avoir pris le temps de nous écrire.",2
1858,1857,"Nous travaillons déjà sur les améliorations évoquées. Merci de votre compréhension.",2
1859,1856,"Votre avis est important pour nous aider à progresser. Merci d'avoir pris le temps de nous écrire.",2
1860,1859,"Nous travaillons déjà sur les améliorations évoquées. Merci de votre compréhension.",2
1861,0,"Bon séjour dans l'ensemble, mais quelques points à améliorer.",2
1862,1861,"Merci pour votre retour, nous sommes attentifs à vos suggestions pour améliorer nos services.",2
1863,1862,"Nous travaillons déjà sur les améliorations évoquées. Merci de votre compréhension.",2
1864,1861,"Votre avis est important pour nous aider à progresser. Merci d'avoir pris le temps de nous écrire.",2
1865,1864,"Nous travaillons déjà sur les améliorations évoquées. Merci de votre compréhension.",2
1866,0,"Plutôt satisfait, mais il y a de la marge pour rendre l'expérience plus mémorable.",2
1867,1866,"Votre avis est important pour nous aider à progresser. Merci d'avoir pris le temps de nous écrire.",2
1868,1867,"Nous travaillons déjà sur les améliorations évoquées. Merci de votre compréhension.",2
1869,1866,"Votre avis est important pour nous aider à progresser. Merci d'avoir pris le temps de nous écrire.",2
1870,1869,"Nous espérons vous offrir une meilleure expérience lors de votre prochaine visite.",2
1871,0,"Correct, mais je m'attendais à un peu mieux vu les avis.",2
1872,1871,"Votre avis est important pour nous aider à progresser. Merci d'avoir pris le temps de nous écrire.",2
1873,1872,"Nous espérons vous offrir une meilleure expérience lors de votre prochaine visite.",2
1874,1871,"Merci pour votre retour, nous sommes attentifs à vos suggestions pour améliorer nos services.",2
1875,1874,"Nous espérons vous offrir une meilleure expérience lors de votre prochaine visite.",2
1876,0,"Plutôt satisfait, mais il y a de la marge pour rendre l'expérience plus mémorable.",2
1877,1876,"Votre avis est important pour nous aider à progresser. Merci d'avoir pris le temps de nous écrire.",2
1878,1877,"Nous travaillons déjà sur les améliorations évoquées. Merci de votre compréhension.",2
1879,1876,"Merci pour votre retour, nous sommes attentifs à vos suggestions pour améliorer nos services.",2
1880,1879,"Nous espérons vous offrir une meilleure expérience lors de votre prochaine visite.",2
1881,0,"Bon séjour dans l'ensemble, mais quelques points à améliorer.",2
1882,1881,"Merci pour votre retour, nous sommes attentifs à vos suggestions pour améliorer nos services.",2
1883,1882,"Nous espérons vous offrir une meilleure expérience lors de votre prochaine visite.",2
1884,1881,"Merci pour votre retour, nous sommes attentifs à vos suggestions pour améliorer nos services.",2
1885,1884,"Nous espérons vous offrir une meilleure expérience lors de votre prochaine visite.",2
1886,0,"Plutôt satisfait, mais il y a de la marge pour rendre l'expérience plus mémorable.",2
1887,1886,"Votre avis est important pour nous aider à progresser. Merci d'avoir pris le temps de nous écrire.",2
1888,1887,"Nous espérons vous offrir une meilleure expérience lors de votre prochaine visite.",2
1889,1886,"Merci pour votre retour, nous sommes attentifs à vos suggestions pour améliorer nos services.",2
1890,1889,"Nous espérons vous offrir une meilleure expérience lors de votre prochaine visite.",2
1891,0,"Correct, mais je m'attendais à un peu mieux vu les avis.",2
1892,1891,"Votre avis est important pour nous aider à progresser. Merci d'avoir pris le temps de nous écrire.",2
1893,1892,"Nous travaillons déjà sur les améliorations évoquées. Merci de votre compréhension.",2
1894,1891,"Votre avis est important pour nous aider à progresser. Merci d'avoir pris le temps de nous écrire.",2
1895,1894,"Nous espérons vous offrir une meilleure expérience lors de votre prochaine visite.",2
1896,0,"Plutôt satisfait, mais il y a de la marge pour rendre l'expérience plus mémorable.",2
1897,1896,"Merci pour votre retour, nous sommes attentifs à vos suggestions pour améliorer nos services.",2
1898,1897,"Nous travaillons déjà sur les améliorations évoquées. Merci de votre compréhension.",2
1899,1896,"Merci pour votre retour, nous sommes attentifs à vos suggestions pour améliorer nos services.",2
1900,1899,"Nous espérons vous offrir une meilleure expérience lors de votre prochaine visite.",2
1901,0,"Plutôt satisfait, mais il y a de la marge pour rendre l'expérience plus mémorable.",2
1902,1901,"Votre avis est important pour nous aider à progresser. Merci d'avoir pris le temps de nous écrire.",2
1903,1902,"Nous espérons vous offrir une meilleure expérience lors de votre prochaine visite.",2
1904,1901,"Votre avis est important pour nous aider à progresser. Merci d'avoir pris le temps de nous écrire.",2
1905,1904,"Nous travaillons déjà sur les améliorations évoquées. Merci de votre compréhension.",2
1906,0,"Bon séjour dans l'ensemble, mais quelques points à améliorer.",2
1907,1906,"Merci pour votre retour, nous sommes attentifs à vos suggestions pour améliorer nos services.",2
1908,1907,"Nous travaillons déjà sur les améliorations évoquées. Merci de votre compréhension.",2
1909,1906,"Votre avis est important pour nous aider à progresser. Merci d'avoir pris le temps de nous écrire.",2
1910,1909,"Nous travaillons déjà sur les améliorations évoquées. Merci de votre compréhension.",2
1911,0,"Bon séjour dans l'ensemble, mais quelques points à améliorer.",2
1912,1911,"Merci pour votre retour, nous sommes attentifs à vos suggestions pour améliorer nos services.",2
1913,1912,"Nous travaillons déjà sur les améliorations évoquées. Merci de votre compréhension.",2
1914,1911,"Votre avis est important pour nous aider à progresser. Merci d'avoir pris le temps de nous écrire.",2
1915,1914,"Nous espérons vous offrir une meilleure expérience lors de votre prochaine visite.",2
1916,0,"Plutôt satisfait, mais il y a de la marge pour rendre l'expérience plus mémorable.",2
1917,1916,"Merci pour votre retour, nous sommes attentifs à vos suggestions pour améliorer nos services.",2
1918,1917,"Nous travaillons déjà sur les améliorations évoquées. Merci de votre compréhension.",2
1919,1916,"Merci pour votre retour, nous sommes attentifs à vos suggestions pour améliorer nos services.",2
1920,1919,"Nous espérons vous offrir une meilleure expérience lors de votre prochaine visite.",2
1921,0,"Correct, mais je m'attendais à un peu mieux vu les avis.",2
1922,1921,"Merci pour votre retour, nous sommes attentifs à vos suggestions pour améliorer nos services.",2
1923,1922,"Nous travaillons déjà sur les améliorations évoquées. Merci de votre compréhension.",2
1924,1921,"Merci pour votre retour, nous sommes attentifs à vos suggestions pour améliorer nos services.",2
1925,1924,"Nous espérons vous offrir une meilleure expérience lors de votre prochaine visite.",2
1926,0,"Correct, mais je m'attendais à un peu mieux vu les avis.",2
1927,1926,"Merci pour votre retour, nous sommes attentifs à vos suggestions pour améliorer nos services.",2
1928,1927,"Nous travaillons déjà sur les améliorations évoquées. Merci de votre compréhension.",2
1929,1926,"Votre avis est important pour nous aider à progresser. Merci d'avoir pris le temps de nous écrire.",2
1930,1929,"Nous espérons vous offrir une meilleure expérience lors de votre prochaine visite.",2
1931,0,"Plutôt satisfait, mais il y a de la marge pour rendre l'expérience plus mémorable.",2
1932,1931,"Merci pour votre retour, nous sommes attentifs à vos suggestions pour améliorer nos services.",2
1933,1932,"Nous espérons vous offrir une meilleure expérience lors de votre prochaine visite.",2
1934,1931,"Merci pour votre retour, nous sommes attentifs à vos suggestions pour améliorer nos services.",2
1935,1934,"Nous travaillons déjà sur les améliorations évoquées. Merci de votre compréhension.",2
1936,0,"Correct, mais je m'attendais à un peu mieux vu les avis.",2
1937,1936,"Merci pour votre retour, nous sommes attentifs à vos suggestions pour améliorer nos services.",2
1938,1937,"Nous travaillons déjà sur les améliorations évoquées. Merci de votre compréhension.",2
1939,1936,"Votre avis est important pour nous aider à progresser. Merci d'avoir pris le temps de nous écrire.",2
1940,1939,"Nous espérons vous offrir une meilleure expérience lors de votre prochaine visite.",2
1941,0,"Plutôt satisfait, mais il y a de la marge pour rendre l'expérience plus mémorable.",2
1942,1941,"Votre avis est important pour nous aider à progresser. Merci d'avoir pris le temps de nous écrire.",2
1943,1942,"Nous espérons vous offrir une meilleure expérience lors de votre prochaine visite.",2
1944,1941,"Votre avis est important pour nous aider à progresser. Merci d'avoir pris le temps de nous écrire.",2
1945,1944,"Nous travaillons déjà sur les améliorations évoquées. Merci de votre compréhension.",2
1946,0,"Correct, mais je m'attendais à un peu mieux vu les avis.",2
1947,1946,"Merci pour votre retour, nous sommes attentifs à vos suggestions pour améliorer nos services.",2
1948,1947,"Nous travaillons déjà sur les améliorations évoquées. Merci de votre compréhension.",2
1949,1946,"Votre avis est important pour nous aider à progresser. Merci d'avoir pris le temps de nous écrire.",2
1950,1949,"Nous travaillons déjà sur les améliorations évoquées. Merci de votre compréhension.",2
1951,0,"Bon séjour dans l'ensemble, mais quelques points à améliorer.",2
1952,1951,"Merci pour votre retour, nous sommes attentifs à vos suggestions pour améliorer nos services.",2
1953,1952,"Nous travaillons déjà sur les améliorations évoquées. Merci de votre compréhension.",2
1954,1951,"Votre avis est important pour nous aider à progresser. Merci d'avoir pris le temps de nous écrire.",2
1955,1954,"Nous travaillons déjà sur les améliorations évoquées. Merci de votre compréhension.",2
1956,0,"Bon séjour dans l'ensemble, mais quelques points à améliorer.",2
1957,1956,"Votre avis est important pour nous aider à progresser. Merci d'avoir pris le temps de nous écrire.",2
1958,1957,"Nous travaillons déjà sur les améliorations évoquées. Merci de votre compréhension.",2
1959,1956,"Votre avis est important pour nous aider à progresser. Merci d'avoir pris le temps de nous écrire.",2
1960,1959,"Nous travaillons déjà sur les améliorations évoquées. Merci de votre compréhension.",2
1961,0,"Plutôt satisfait, mais il y a de la marge pour rendre l'expérience plus mémorable.",2
1962,1961,"Merci pour votre retour, nous sommes attentifs à vos suggestions pour améliorer nos services.",2
1963,1962,"Nous travaillons déjà sur les améliorations évoquées. Merci de votre compréhension.",2
1964,1961,"Votre avis est important pour nous aider à progresser. Merci d'avoir pris le temps de nous écrire.",2
1965,1964,"Nous espérons vous offrir une meilleure expérience lors de votre prochaine visite.",2
1966,0,"Bon séjour dans l'ensemble, mais quelques points à améliorer.",2
1967,1966,"Votre avis est important pour nous aider à progresser. Merci d'avoir pris le temps de nous écrire.",2
1968,1967,"Nous travaillons déjà sur les améliorations évoquées. Merci de votre compréhension.",2
1969,1966,"Votre avis est important pour nous aider à progresser. Merci d'avoir pris le temps de nous écrire.",2
1970,1969,"Nous espérons vous offrir une meilleure expérience lors de votre prochaine visite.",2
1971,0,"Bon séjour dans l'ensemble, mais quelques points à améliorer.",2
1972,1971,"Votre avis est important pour nous aider à progresser. Merci d'avoir pris le temps de nous écrire.",2
1973,1972,"Nous espérons vous offrir une meilleure expérience lors de votre prochaine visite.",2
1974,1971,"Votre avis est important pour nous aider à progresser. Merci d'avoir pris le temps de nous écrire.",2
1975,1974,"Nous espérons vous offrir une meilleure expérience lors de votre prochaine visite.",2
1976,0,"Correct, mais je m'attendais à un peu mieux vu les avis.",2
1977,1976,"Votre avis est important pour nous aider à progresser. Merci d'avoir pris le temps de nous écrire.",2
1978,1977,"Nous travaillons déjà sur les améliorations évoquées. Merci de votre compréhension.",2
1979,1976,"Votre avis est important pour nous aider à progresser. Merci d'avoir pris le temps de nous écrire.",2
1980,1979,"Nous travaillons déjà sur les améliorations évoquées. Merci de votre compréhension.",2
1981,0,"Bon séjour dans l'ensemble, mais quelques points à améliorer.",2
1982,1981,"Merci pour votre retour, nous sommes attentifs à vos suggestions pour améliorer nos services.",2
1983,1982,"Nous travaillons déjà sur les améliorations évoquées. Merci de votre compréhension.",2
1984,1981,"Votre avis est important pour nous aider à progresser. Merci d'avoir pris le temps de nous écrire.",2
1985,1984,"Nous espérons vous offrir une meilleure expérience lors de votre prochaine visite.",2
1986,0,"Plutôt satisfait, mais il y a de la marge pour rendre l'expérience plus mémorable.",2
1987,1986,"Merci pour votre retour, nous sommes attentifs à vos suggestions pour améliorer nos services.",2
1988,1987,"Nous espérons vous offrir une meilleure expérience lors de votre prochaine visite.",2
1989,1986,"Votre avis est important pour nous aider à progresser. Merci d'avoir pris le temps de nous écrire.",2
1990,1989,"Nous travaillons déjà sur les améliorations évoquées. Merci de votre compréhension.",2
1991,0,"Correct, mais je m'attendais à un peu mieux vu les avis.",2
1992,1991,"Votre avis est important pour nous aider à progresser. Merci d'avoir pris le temps de nous écrire.",2
1993,1992,"Nous espérons vous offrir une meilleure expérience lors de votre prochaine visite.",2
1994,1991,"Merci pour votre retour, nous sommes attentifs à vos suggestions pour améliorer nos services.",2
1995,1994,"Nous travaillons déjà sur les améliorations évoquées. Merci de votre compréhension.",2
1996,0,"Bon séjour dans l'ensemble, mais quelques points à améliorer.",2
1997,1996,"Votre avis est important pour nous aider à progresser. Merci d'avoir pris le temps de nous écrire.",2
1998,1997,"Nous travaillons déjà sur les améliorations évoquées. Merci de votre compréhension.",2
1999,1996,"Votre avis est important pour nous aider à progresser. Merci d'avoir pris le temps de nous écrire.",2
2000,1999,"Nous espérons vous offrir une meilleure expérience lors de votre prochaine visite.",2
2001,0,"Bon séjour dans l'ensemble, mais quelques points à améliorer.",2
2002,2001,"Votre avis est important pour nous aider à progresser. Merci d'avoir pris le temps de nous écrire.",2
2003,2002,"Nous travaillons déjà sur les améliorations évoquées. Merci de votre compréhension.",2
2004,2001,"Votre avis est important pour nous aider à progresser. Merci d'avoir pris le temps de nous écrire.",2
2005,2004,"Nous espérons vous offrir une meilleure expérience lors de votre prochaine visite.",2
2006,0,"Plutôt satisfait, mais il y a de la marge pour rendre l'expérience plus mémorable.",2
2007,2006,"Votre avis est important pour nous aider à progresser. Merci d'avoir pris le temps de nous écrire.",2
2008,2007,"Nous espérons vous offrir une meilleure expérience lors de votre prochaine visite.",2
2009,2006,"Merci pour votre retour, nous sommes attentifs à vos suggestions pour améliorer nos services.",2
2010,2009,"Nous travaillons déjà sur les améliorations évoquées. Merci de votre compréhension.",2
2011,0,"Correct, mais je m'attendais à un peu mieux vu les avis.",2
2012,2011,"Votre avis est important pour nous aider à progresser. Merci d'avoir pris le temps de nous écrire.",2
2013,2012,"Nous travaillons déjà sur les améliorations évoquées. Merci de votre compréhension.",2
2014,2011,"Merci pour votre retour, nous sommes attentifs à vos suggestions pour améliorer nos services.",2
2015,2014,"Nous espérons vous offrir une meilleure expérience lors de votre prochaine visite.",2
2016,0,"Plutôt satisfait, mais il y a de la marge pour rendre l'expérience plus mémorable.",2
2017,2016,"Votre avis est important pour nous aider à progresser. Merci d'avoir pris le temps de nous écrire.",2
2018,2017,"Nous travaillons déjà sur les améliorations évoquées. Merci de votre compréhension.",2
2019,2016,"Votre avis est important pour nous aider à progresser. Merci d'avoir pris le temps de nous écrire.",2
2020,2019,"Nous espérons vous offrir une meilleure expérience lors de votre prochaine visite.",2
2021,0,"Bon séjour dans l'ensemble, mais quelques points à améliorer.",2
2022,2021,"Merci pour votre retour, nous sommes attentifs à vos suggestions pour améliorer nos services.",2
2023,2022,"Nous travaillons déjà sur les améliorations évoquées. Merci de votre compréhension.",2
2024,2021,"Votre avis est important pour nous aider à progresser. Merci d'avoir pris le temps de nous écrire.",2
2025,2024,"Nous travaillons déjà sur les améliorations évoquées. Merci de votre compréhension.",2
2026,0,"Bon séjour dans l'ensemble, mais quelques points à améliorer.",2
2027,2026,"Merci pour votre retour, nous sommes attentifs à vos suggestions pour améliorer nos services.",2
2028,2027,"Nous travaillons déjà sur les améliorations évoquées. Merci de votre compréhension.",2
2029,2026,"Merci pour votre retour, nous sommes attentifs à vos suggestions pour améliorer nos services.",2
2030,2029,"Nous espérons vous offrir une meilleure expérience lors de votre prochaine visite.",2
2031,0,"Plutôt satisfait, mais il y a de la marge pour rendre l'expérience plus mémorable.",2
2032,2031,"Votre avis est important pour nous aider à progresser. Merci d'avoir pris le temps de nous écrire.",2
2033,2032,"Nous travaillons déjà sur les améliorations évoquées. Merci de votre compréhension.",2
2034,2031,"Votre avis est important pour nous aider à progresser. Merci d'avoir pris le temps de nous écrire.",2
2035,2034,"Nous espérons vous offrir une meilleure expérience lors de votre prochaine visite.",2
2036,0,"Plutôt satisfait, mais il y a de la marge pour rendre l'expérience plus mémorable.",2
2037,2036,"Merci pour votre retour, nous sommes attentifs à vos suggestions pour améliorer nos services.",2
2038,2037,"Nous travaillons déjà sur les améliorations évoquées. Merci de votre compréhension.",2
2039,2036,"Merci pour votre retour, nous sommes attentifs à vos suggestions pour améliorer nos services.",2
2040,2039,"Nous espérons vous offrir une meilleure expérience lors de votre prochaine visite.",2
2041,0,"Plutôt satisfait, mais il y a de la marge pour rendre l'expérience plus mémorable.",2
2042,2041,"Merci pour votre retour, nous sommes attentifs à vos suggestions pour améliorer nos services.",2
2043,2042,"Nous espérons vous offrir une meilleure expérience lors de votre prochaine visite.",2
2044,2041,"Merci pour votre retour, nous sommes attentifs à vos suggestions pour améliorer nos services.",2
2045,2044,"Nous travaillons déjà sur les améliorations évoquées. Merci de votre compréhension.",2
2046,0,"Bon séjour dans l'ensemble, mais quelques points à améliorer.",2
2047,2046,"Votre avis est important pour nous aider à progresser. Merci d'avoir pris le temps de nous écrire.",2
2048,2047,"Nous espérons vous offrir une meilleure expérience lors de votre prochaine visite.",2
2049,2046,"Votre avis est important pour nous aider à progresser. Merci d'avoir pris le temps de nous écrire.",2
2050,2049,"Nous travaillons déjà sur les améliorations évoquées. Merci de votre compréhension.",2
2051,0,"Correct, mais je m'attendais à un peu mieux vu les avis.",2
2052,2051,"Merci pour votre retour, nous sommes attentifs à vos suggestions pour améliorer nos services.",2
2053,2052,"Nous espérons vous offrir une meilleure expérience lors de votre prochaine visite.",2
2054,2051,"Votre avis est important pour nous aider à progresser. Merci d'avoir pris le temps de nous écrire.",2
2055,2054,"Nous travaillons déjà sur les améliorations évoquées. Merci de votre compréhension.",2
2056,0,"Plutôt satisfait, mais il y a de la marge pour rendre l'expérience plus mémorable.",2
2057,2056,"Votre avis est important pour nous aider à progresser. Merci d'avoir pris le temps de nous écrire.",2
2058,2057,"Nous travaillons déjà sur les améliorations évoquées. Merci de votre compréhension.",2
2059,2056,"Votre avis est important pour nous aider à progresser. Merci d'avoir pris le temps de nous écrire.",2
2060,2059,"Nous espérons vous offrir une meilleure expérience lors de votre prochaine visite.",2
2061,0,"Correct, mais je m'attendais à un peu mieux vu les avis.",2
2062,2061,"Merci pour votre retour, nous sommes attentifs à vos suggestions pour améliorer nos services.",2
2063,2062,"Nous espérons vous offrir une meilleure expérience lors de votre prochaine visite.",2
2064,2061,"Merci pour votre retour, nous sommes attentifs à vos suggestions pour améliorer nos services.",2
2065,2064,"Nous espérons vous offrir une meilleure expérience lors de votre prochaine visite.",2
2066,0,"Plutôt satisfait, mais il y a de la marge pour rendre l'expérience plus mémorable.",2
2067,2066,"Merci pour votre retour, nous sommes attentifs à vos suggestions pour améliorer nos services.",2
2068,2067,"Nous espérons vous offrir une meilleure expérience lors de votre prochaine visite.",2
2069,2066,"Votre avis est important pour nous aider à progresser. Merci d'avoir pris le temps de nous écrire.",2
2070,2069,"Nous travaillons déjà sur les améliorations évoquées. Merci de votre compréhension.",2
2071,0,"Plutôt satisfait, mais il y a de la marge pour rendre l'expérience plus mémorable.",2
2072,2071,"Merci pour votre retour, nous sommes attentifs à vos suggestions pour améliorer nos services.",2
2073,2072,"Nous travaillons déjà sur les améliorations évoquées. Merci de votre compréhension.",2
2074,2071,"Merci pour votre retour, nous sommes attentifs à vos suggestions pour améliorer nos services.",2
2075,2074,"Nous travaillons déjà sur les améliorations évoquées. Merci de votre compréhension.",2
2076,0,"Plutôt satisfait, mais il y a de la marge pour rendre l'expérience plus mémorable.",2
2077,2076,"Merci pour votre retour, nous sommes attentifs à vos suggestions pour améliorer nos services.",2
2078,2077,"Nous espérons vous offrir une meilleure expérience lors de votre prochaine visite.",2
2079,2076,"Votre avis est important pour nous aider à progresser. Merci d'avoir pris le temps de nous écrire.",2
2080,2079,"Nous travaillons déjà sur les améliorations évoquées. Merci de votre compréhension.",2
2081,0,"Correct, mais je m'attendais à un peu mieux vu les avis.",2
2082,2081,"Votre avis est important pour nous aider à progresser. Merci d'avoir pris le temps de nous écrire.",2
2083,2082,"Nous travaillons déjà sur les améliorations évoquées. Merci de votre compréhension.",2
2084,2081,"Merci pour votre retour, nous sommes attentifs à vos suggestions pour améliorer nos services.",2
2085,2084,"Nous espérons vous offrir une meilleure expérience lors de votre prochaine visite.",2
2086,0,"Correct, mais je m'attendais à un peu mieux vu les avis.",2
2087,2086,"Merci pour votre retour, nous sommes attentifs à vos suggestions pour améliorer nos services.",2
2088,2087,"Nous espérons vous offrir une meilleure expérience lors de votre prochaine visite.",2
2089,2086,"Votre avis est important pour nous aider à progresser. Merci d'avoir pris le temps de nous écrire.",2
2090,2089,"Nous travaillons déjà sur les améliorations évoquées. Merci de votre compréhension.",2
2091,0,"Correct, mais je m'attendais à un peu mieux vu les avis.",2
2092,2091,"Votre avis est important pour nous aider à progresser. Merci d'avoir pris le temps de nous écrire.",2
2093,2092,"Nous travaillons déjà sur les améliorations évoquées. Merci de votre compréhension.",2
2094,2091,"Merci pour votre retour, nous sommes attentifs à vos suggestions pour améliorer nos services.",2
2095,2094,"Nous travaillons déjà sur les améliorations évoquées. Merci de votre compréhension.",2
2096,0,"Plutôt satisfait, mais il y a de la marge pour rendre l'expérience plus mémorable.",2
2097,2096,"Votre avis est important pour nous aider à progresser. Merci d'avoir pris le temps de nous écrire.",2
2098,2097,"Nous espérons vous offrir une meilleure expérience lors de votre prochaine visite.",2
2099,2096,"Merci pour votre retour, nous sommes attentifs à vos suggestions pour améliorer nos services.",2
2100,2099,"Nous travaillons déjà sur les améliorations évoquées. Merci de votre compréhension.",2
2101,0,"Correct, mais je m'attendais à un peu mieux vu les avis.",2
2102,2101,"Merci pour votre retour, nous sommes attentifs à vos suggestions pour améliorer nos services.",2
2103,2102,"Nous espérons vous offrir une meilleure expérience lors de votre prochaine visite.",2
2104,2101,"Merci pour votre retour, nous sommes attentifs à vos suggestions pour améliorer nos services.",2
2105,2104,"Nous espérons vous offrir une meilleure expérience lors de votre prochaine visite.",2
2106,0,"Bon séjour dans l'ensemble, mais quelques points à améliorer.",2
2107,2106,"Votre avis est important pour nous aider à progresser. Merci d'avoir pris le temps de nous écrire.",2
2108,2107,"Nous travaillons déjà sur les améliorations évoquées. Merci de votre compréhension.",2
2109,2106,"Votre avis est important pour nous aider à progresser. Merci d'avoir pris le temps de nous écrire.",2
2110,2109,"Nous travaillons déjà sur les améliorations évoquées. Merci de votre compréhension.",2
2111,0,"Correct, mais je m'attendais à un peu mieux vu les avis.",2
2112,2111,"Votre avis est important pour nous aider à progresser. Merci d'avoir pris le temps de nous écrire.",2
2113,2112,"Nous travaillons déjà sur les améliorations évoquées. Merci de votre compréhension.",2
2114,2111,"Votre avis est important pour nous aider à progresser. Merci d'avoir pris le temps de nous écrire.",2
2115,2114,"Nous travaillons déjà sur les améliorations évoquées. Merci de votre compréhension.",2
2116,0,"Bon séjour dans l'ensemble, mais quelques points à améliorer.",2
2117,2116,"Votre avis est important pour nous aider à progresser. Merci d'avoir pris le temps de nous écrire.",2
2118,2117,"Nous espérons vous offrir une meilleure expérience lors de votre prochaine visite.",2
2119,2116,"Votre avis est important pour nous aider à progresser. Merci d'avoir pris le temps de nous écrire.",2
2120,2119,"Nous travaillons déjà sur les améliorations évoquées. Merci de votre compréhension.",2
2121,0,"Bon séjour dans l'ensemble, mais quelques points à améliorer.",2
2122,2121,"Merci pour votre retour, nous sommes attentifs à vos suggestions pour améliorer nos services.",2
2123,2122,"Nous travaillons déjà sur les améliorations évoquées. Merci de votre compréhension.",2
2124,2121,"Votre avis est important pour nous aider à progresser. Merci d'avoir pris le temps de nous écrire.",2
2125,2124,"Nous espérons vous offrir une meilleure expérience lors de votre prochaine visite.",2
2126,0,"Correct, mais je m'attendais à un peu mieux vu les avis.",2
2127,2126,"Votre avis est important pour nous aider à progresser. Merci d'avoir pris le temps de nous écrire.",2
2128,2127,"Nous espérons vous offrir une meilleure expérience lors de votre prochaine visite.",2
2129,2126,"Merci pour votre retour, nous sommes attentifs à vos suggestions pour améliorer nos services.",2
2130,2129,"Nous travaillons déjà sur les améliorations évoquées. Merci de votre compréhension.",2
2131,0,"Bon séjour dans l'ensemble, mais quelques points à améliorer.",2
2132,2131,"Votre avis est important pour nous aider à progresser. Merci d'avoir pris le temps de nous écrire.",2
2133,2132,"Nous espérons vous offrir une meilleure expérience lors de votre prochaine visite.",2
2134,2131,"Merci pour votre retour, nous sommes attentifs à vos suggestions pour améliorer nos services.",2
2135,2134,"Nous espérons vous offrir une meilleure expérience lors de votre prochaine visite.",2
2136,0,"Plutôt satisfait, mais il y a de la marge pour rendre l'expérience plus mémorable.",2
2137,2136,"Merci pour votre retour, nous sommes attentifs à vos suggestions pour améliorer nos services.",2
2138,2137,"Nous travaillons déjà sur les améliorations évoquées. Merci de votre compréhension.",2
2139,2136,"Merci pour votre retour, nous sommes attentifs à vos suggestions pour améliorer nos services.",2
2140,2139,"Nous espérons vous offrir une meilleure expérience lors de votre prochaine visite.",2
2141,0,"Bon séjour dans l'ensemble, mais quelques points à améliorer.",2
2142,2141,"Votre avis est important pour nous aider à progresser. Merci d'avoir pris le temps de nous écrire.",2
2143,2142,"Nous espérons vous offrir une meilleure expérience lors de votre prochaine visite.",2
2144,2141,"Votre avis est important pour nous aider à progresser. Merci d'avoir pris le temps de nous écrire.",2
2145,2144,"Nous travaillons déjà sur les améliorations évoquées. Merci de votre compréhension.",2
2146,0,"Correct, mais je m'attendais à un peu mieux vu les avis.",2
2147,2146,"Merci pour votre retour, nous sommes attentifs à vos suggestions pour améliorer nos services.",2
2148,2147,"Nous travaillons déjà sur les améliorations évoquées. Merci de votre compréhension.",2
2149,2146,"Merci pour votre retour, nous sommes attentifs à vos suggestions pour améliorer nos services.",2
2150,2149,"Nous travaillons déjà sur les améliorations évoquées. Merci de votre compréhension.",2
2151,0,"Bon séjour dans l'ensemble, mais quelques points à améliorer.",2
2152,2151,"Votre avis est important pour nous aider à progresser. Merci d'avoir pris le temps de nous écrire.",2
2153,2152,"Nous travaillons déjà sur les améliorations évoquées. Merci de votre compréhension.",2
2154,2151,"Merci pour votre retour, nous sommes attentifs à vos suggestions pour améliorer nos services.",2
2155,2154,"Nous espérons vous offrir une meilleure expérience lors de votre prochaine visite.",2
2156,0,"Correct, mais je m'attendais à un peu mieux vu les avis.",2
2157,2156,"Votre avis est important pour nous aider à progresser. Merci d'avoir pris le temps de nous écrire.",2
2158,2157,"Nous espérons vous offrir une meilleure expérience lors de votre prochaine visite.",2
2159,2156,"Votre avis est important pour nous aider à progresser. Merci d'avoir pris le temps de nous écrire.",2
2160,2159,"Nous espérons vous offrir une meilleure expérience lors de votre prochaine visite.",2
2161,0,"Plutôt satisfait, mais il y a de la marge pour rendre l'expérience plus mémorable.",2
2162,2161,"Merci pour votre retour, nous sommes attentifs à vos suggestions pour améliorer nos services.",2
2163,2162,"Nous travaillons déjà sur les améliorations évoquées. Merci de votre compréhension.",2
2164,2161,"Votre avis est important pour nous aider à progresser. Merci d'avoir pris le temps de nous écrire.",2
2165,2164,"Nous travaillons déjà sur les améliorations évoquées. Merci de votre compréhension.",2
2166,0,"Correct, mais je m'attendais à un peu mieux vu les avis.",2
2167,2166,"Votre avis est important pour nous aider à progresser. Merci d'avoir pris le temps de nous écrire.",2
2168,2167,"Nous espérons vous offrir une meilleure expérience lors de votre prochaine visite.",2
2169,2166,"Merci pour votre retour, nous sommes attentifs à vos suggestions pour améliorer nos services.",2
2170,2169,"Nous travaillons déjà sur les améliorations évoquées. Merci de votre compréhension.",2
2171,0,"Plutôt satisfait, mais il y a de la marge pour rendre l'expérience plus mémorable.",2
2172,2171,"Merci pour votre retour, nous sommes attentifs à vos suggestions pour améliorer nos services.",2
2173,2172,"Nous travaillons déjà sur les améliorations évoquées. Merci de votre compréhension.",2
2174,2171,"Votre avis est important pour nous aider à progresser. Merci d'avoir pris le temps de nous écrire.",2
2175,2174,"Nous travaillons déjà sur les améliorations évoquées. Merci de votre compréhension.",2
2176,0,"Plutôt satisfait, mais il y a de la marge pour rendre l'expérience plus mémorable.",2
2177,2176,"Merci pour votre retour, nous sommes attentifs à vos suggestions pour améliorer nos services.",2
2178,2177,"Nous travaillons déjà sur les améliorations évoquées. Merci de votre compréhension.",2
2179,2176,"Votre avis est important pour nous aider à progresser. Merci d'avoir pris le temps de nous écrire.",2
2180,2179,"Nous travaillons déjà sur les améliorations évoquées. Merci de votre compréhension.",2
2181,0,"Bon séjour dans l'ensemble, mais quelques points à améliorer.",2
2182,2181,"Merci pour votre retour, nous sommes attentifs à vos suggestions pour améliorer nos services.",2
2183,2182,"Nous espérons vous offrir une meilleure expérience lors de votre prochaine visite.",2
2184,2181,"Merci pour votre retour, nous sommes attentifs à vos suggestions pour améliorer nos services.",2
2185,2184,"Nous espérons vous offrir une meilleure expérience lors de votre prochaine visite.",2
2186,0,"Correct, mais je m'attendais à un peu mieux vu les avis.",2
2187,2186,"Merci pour votre retour, nous sommes attentifs à vos suggestions pour améliorer nos services.",2
2188,2187,"Nous espérons vous offrir une meilleure expérience lors de votre prochaine visite.",2
2189,2186,"Merci pour votre retour, nous sommes attentifs à vos suggestions pour améliorer nos services.",2
2190,2189,"Nous espérons vous offrir une meilleure expérience lors de votre prochaine visite.",2
2191,0,"Correct, mais je m'attendais à un peu mieux vu les avis.",2
2192,2191,"Votre avis est important pour nous aider à progresser. Merci d'avoir pris le temps de nous écrire.",2
2193,2192,"Nous espérons vous offrir une meilleure expérience lors de votre prochaine visite.",2
2194,2191,"Merci pour votre retour, nous sommes attentifs à vos suggestions pour améliorer nos services.",2
2195,2194,"Nous travaillons déjà sur les améliorations évoquées. Merci de votre compréhension.",2
2196,0,"Plutôt satisfait, mais il y a de la marge pour rendre l'expérience plus mémorable.",2
2197,2196,"Merci pour votre retour, nous sommes attentifs à vos suggestions pour améliorer nos services.",2
2198,2197,"Nous travaillons déjà sur les améliorations évoquées. Merci de votre compréhension.",2
2199,2196,"Merci pour votre retour, nous sommes attentifs à vos suggestions pour améliorer nos services.",2
2200,2199,"Nous espérons vous offrir une meilleure expérience lors de votre prochaine visite.",2
2201,0,"Correct, mais je m'attendais à un peu mieux vu les avis.",2
2202,2201,"Merci pour votre retour, nous sommes attentifs à vos suggestions pour améliorer nos services.",2
2203,2202,"Nous travaillons déjà sur les améliorations évoquées. Merci de votre compréhension.",2
2204,2201,"Votre avis est important pour nous aider à progresser. Merci d'avoir pris le temps de nous écrire.",2
2205,2204,"Nous travaillons déjà sur les améliorations évoquées. Merci de votre compréhension.",2
2206,0,"Plutôt satisfait, mais il y a de la marge pour rendre l'expérience plus mémorable.",2
2207,2206,"Votre avis est important pour nous aider à progresser. Merci d'avoir pris le temps de nous écrire.",2
2208,2207,"Nous travaillons déjà sur les améliorations évoquées. Merci de votre compréhension.",2
2209,2206,"Votre avis est important pour nous aider à progresser. Merci d'avoir pris le temps de nous écrire.",2
2210,2209,"Nous travaillons déjà sur les améliorations évoquées. Merci de votre compréhension.",2
2211,0,"Correct, mais je m'attendais à un peu mieux vu les avis.",2
2212,2211,"Votre avis est important pour nous aider à progresser. Merci d'avoir pris le temps de nous écrire.",2
2213,2212,"Nous espérons vous offrir une meilleure expérience lors de votre prochaine visite.",2
2214,2211,"Merci pour votre retour, nous sommes attentifs à vos suggestions pour améliorer nos services.",2
2215,2214,"Nous espérons vous offrir une meilleure expérience lors de votre prochaine visite.",2
2216,0,"Correct, mais je m'attendais à un peu mieux vu les avis.",2
2217,2216,"Votre avis est important pour nous aider à progresser. Merci d'avoir pris le temps de nous écrire.",2
2218,2217,"Nous travaillons déjà sur les améliorations évoquées. Merci de votre compréhension.",2
2219,2216,"Merci pour votre retour, nous sommes attentifs à vos suggestions pour améliorer nos services.",2
2220,2219,"Nous espérons vous offrir une meilleure expérience lors de votre prochaine visite.",2
2221,0,"Correct, mais je m'attendais à un peu mieux vu les avis.",2
2222,2221,"Merci pour votre retour, nous sommes attentifs à vos suggestions pour améliorer nos services.",2
2223,2222,"Nous espérons vous offrir une meilleure expérience lors de votre prochaine visite.",2
2224,2221,"Votre avis est important pour nous aider à progresser. Merci d'avoir pris le temps de nous écrire.",2
2225,2224,"Nous travaillons déjà sur les améliorations évoquées. Merci de votre compréhension.",2
2226,0,"Correct, mais je m'attendais à un peu mieux vu les avis.",2
2227,2226,"Merci pour votre retour, nous sommes attentifs à vos suggestions pour améliorer nos services.",2
2228,2227,"Nous travaillons déjà sur les améliorations évoquées. Merci de votre compréhension.",2
2229,2226,"Merci pour votre retour, nous sommes attentifs à vos suggestions pour améliorer nos services.",2
2230,2229,"Nous travaillons déjà sur les améliorations évoquées. Merci de votre compréhension.",2
2231,0,"Bon séjour dans l'ensemble, mais quelques points à améliorer.",2
2232,2231,"Merci pour votre retour, nous sommes attentifs à vos suggestions pour améliorer nos services.",2
2233,2232,"Nous travaillons déjà sur les améliorations évoquées. Merci de votre compréhension.",2
2234,2231,"Votre avis est important pour nous aider à progresser. Merci d'avoir pris le temps de nous écrire.",2
2235,2234,"Nous travaillons déjà sur les améliorations évoquées. Merci de votre compréhension.",2
2236,0,"Correct, mais je m'attendais à un peu mieux vu les avis.",2
2237,2236,"Votre avis est important pour nous aider à progresser. Merci d'avoir pris le temps de nous écrire.",2
2238,2237,"Nous travaillons déjà sur les améliorations évoquées. Merci de votre compréhension.",2
2239,2236,"Votre avis est important pour nous aider à progresser. Merci d'avoir pris le temps de nous écrire.",2
2240,2239,"Nous espérons vous offrir une meilleure expérience lors de votre prochaine visite.",2
2241,0,"Plutôt satisfait, mais il y a de la marge pour rendre l'expérience plus mémorable.",2
2242,2241,"Votre avis est important pour nous aider à progresser. Merci d'avoir pris le temps de nous écrire.",2
2243,2242,"Nous espérons vous offrir une meilleure expérience lors de votre prochaine visite.",2
2244,2241,"Votre avis est important pour nous aider à progresser. Merci d'avoir pris le temps de nous écrire.",2
2245,2244,"Nous espérons vous offrir une meilleure expérience lors de votre prochaine visite.",2
2246,0,"Bon séjour dans l'ensemble, mais quelques points à améliorer.",2
2247,2246,"Votre avis est important pour nous aider à progresser. Merci d'avoir pris le temps de nous écrire.",2
2248,2247,"Nous travaillons déjà sur les améliorations évoquées. Merci de votre compréhension.",2
2249,2246,"Votre avis est important pour nous aider à progresser. Merci d'avoir pris le temps de nous écrire.",2
2250,2249,"Nous espérons vous offrir une meilleure expérience lors de votre prochaine visite.",2
2251,0,"Bon séjour dans l'ensemble, mais quelques points à améliorer.",2
2252,2251,"Votre avis est important pour nous aider à progresser. Merci d'avoir pris le temps de nous écrire.",2
2253,2252,"Nous espérons vous offrir une meilleure expérience lors de votre prochaine visite.",2
2254,2251,"Votre avis est important pour nous aider à progresser. Merci d'avoir pris le temps de nous écrire.",2
2255,2254,"Nous travaillons déjà sur les améliorations évoquées. Merci de votre compréhension.",2
2256,0,"Plutôt satisfait, mais il y a de la marge pour rendre l'expérience plus mémorable.",2
2257,2256,"Votre avis est important pour nous aider à progresser. Merci d'avoir pris le temps de nous écrire.",2
2258,2257,"Nous espérons vous offrir une meilleure expérience lors de votre prochaine visite.",2
2259,2256,"Votre avis est important pour nous aider à progresser. Merci d'avoir pris le temps de nous écrire.",2
2260,2259,"Nous travaillons déjà sur les améliorations évoquées. Merci de votre compréhension.",2
2261,0,"Correct, mais je m'attendais à un peu mieux vu les avis.",2
2262,2261,"Votre avis est important pour nous aider à progresser. Merci d'avoir pris le temps de nous écrire.",2
2263,2262,"Nous espérons vous offrir une meilleure expérience lors de votre prochaine visite.",2
2264,2261,"Votre avis est important pour nous aider à progresser. Merci d'avoir pris le temps de nous écrire.",2
2265,2264,"Nous travaillons déjà sur les améliorations évoquées. Merci de votre compréhension.",2
2266,0,"Plutôt satisfait, mais il y a de la marge pour rendre l'expérience plus mémorable.",2
2267,2266,"Merci pour votre retour, nous sommes attentifs à vos suggestions pour améliorer nos services.",2
2268,2267,"Nous travaillons déjà sur les améliorations évoquées. Merci de votre compréhension.",2
2269,2266,"Merci pour votre retour, nous sommes attentifs à vos suggestions pour améliorer nos services.",2
2270,2269,"Nous travaillons déjà sur les améliorations évoquées. Merci de votre compréhension.",2
2271,0,"Correct, mais je m'attendais à un peu mieux vu les avis.",2
2272,2271,"Merci pour votre retour, nous sommes attentifs à vos suggestions pour améliorer nos services.",2
2273,2272,"Nous travaillons déjà sur les améliorations évoquées. Merci de votre compréhension.",2
2274,2271,"Merci pour votre retour, nous sommes attentifs à vos suggestions pour améliorer nos services.",2
2275,2274,"Nous espérons vous offrir une meilleure expérience lors de votre prochaine visite.",2
2276,0,"Bon séjour dans l'ensemble, mais quelques points à améliorer.",2
2277,2276,"Merci pour votre retour, nous sommes attentifs à vos suggestions pour améliorer nos services.",2
2278,2277,"Nous travaillons déjà sur les améliorations évoquées. Merci de votre compréhension.",2
2279,2276,"Merci pour votre retour, nous sommes attentifs à vos suggestions pour améliorer nos services.",2
2280,2279,"Nous espérons vous offrir une meilleure expérience lors de votre prochaine visite.",2
2281,0,"Bon séjour dans l'ensemble, mais quelques points à améliorer.",2
2282,2281,"Votre avis est important pour nous aider à progresser. Merci d'avoir pris le temps de nous écrire.",2
2283,2282,"Nous espérons vous offrir une meilleure expérience lors de votre prochaine visite.",2
2284,2281,"Votre avis est important pour nous aider à progresser. Merci d'avoir pris le temps de nous écrire.",2
2285,2284,"Nous travaillons déjà sur les améliorations évoquées. Merci de votre compréhension.",2
2286,0,"Correct, mais je m'attendais à un peu mieux vu les avis.",2
2287,2286,"Votre avis est important pour nous aider à progresser. Merci d'avoir pris le temps de nous écrire.",2
2288,2287,"Nous espérons vous offrir une meilleure expérience lors de votre prochaine visite.",2
2289,2286,"Votre avis est important pour nous aider à progresser. Merci d'avoir pris le temps de nous écrire.",2
2290,2289,"Nous espérons vous offrir une meilleure expérience lors de votre prochaine visite.",2
2291,0,"Plutôt satisfait, mais il y a de la marge pour rendre l'expérience plus mémorable.",2
2292,2291,"Votre avis est important pour nous aider à progresser. Merci d'avoir pris le temps de nous écrire.",2
2293,2292,"Nous travaillons déjà sur les améliorations évoquées. Merci de votre compréhension.",2
2294,2291,"Merci pour votre retour, nous sommes attentifs à vos suggestions pour améliorer nos services.",2
2295,2294,"Nous espérons vous offrir une meilleure expérience lors de votre prochaine visite.",2
2296,0,"Correct, mais je m'attendais à un peu mieux vu les avis.",2
2297,2296,"Merci pour votre retour, nous sommes attentifs à vos suggestions pour améliorer nos services.",2
2298,2297,"Nous travaillons déjà sur les améliorations évoquées. Merci de votre compréhension.",2
2299,2296,"Votre avis est important pour nous aider à progresser. Merci d'avoir pris le temps de nous écrire.",2
2300,2299,"Nous travaillons déjà sur les améliorations évoquées. Merci de votre compréhension.",2
2301,0,"Correct, mais je m'attendais à un peu mieux vu les avis.",2
2302,2301,"Votre avis est important pour nous aider à progresser. Merci d'avoir pris le temps de nous écrire.",2
2303,2302,"Nous espérons vous offrir une meilleure expérience lors de votre prochaine visite.",2
2304,2301,"Merci pour votre retour, nous sommes attentifs à vos suggestions pour améliorer nos services.",2
2305,2304,"Nous travaillons déjà sur les améliorations évoquées. Merci de votre compréhension.",2
2306,0,"Correct, mais je m'attendais à un peu mieux vu les avis.",2
2307,2306,"Merci pour votre retour, nous sommes attentifs à vos suggestions pour améliorer nos services.",2
2308,2307,"Nous travaillons déjà sur les améliorations évoquées. Merci de votre compréhension.",2
2309,2306,"Merci pour votre retour, nous sommes attentifs à vos suggestions pour améliorer nos services.",2
2310,2309,"Nous espérons vous offrir une meilleure expérience lors de votre prochaine visite.",2
2311,0,"Bon séjour dans l'ensemble, mais quelques points à améliorer.",2
2312,2311,"Votre avis est important pour nous aider à progresser. Merci d'avoir pris le temps de nous écrire.",2
2313,2312,"Nous espérons vous offrir une meilleure expérience lors de votre prochaine visite.",2
2314,2311,"Votre avis est important pour nous aider à progresser. Merci d'avoir pris le temps de nous écrire.",2
2315,2314,"Nous espérons vous offrir une meilleure expérience lors de votre prochaine visite.",2
2316,0,"Bon séjour dans l'ensemble, mais quelques points à améliorer.",2
2317,2316,"Merci pour votre retour, nous sommes attentifs à vos suggestions pour améliorer nos services.",2
2318,2317,"Nous travaillons déjà sur les améliorations évoquées. Merci de votre compréhension.",2
2319,2316,"Votre avis est important pour nous aider à progresser. Merci d'avoir pris le temps de nous écrire.",2
2320,2319,"Nous travaillons déjà sur les améliorations évoquées. Merci de votre compréhension.",2
2321,0,"Plutôt satisfait, mais il y a de la marge pour rendre l'expérience plus mémorable.",2
2322,2321,"Merci pour votre retour, nous sommes attentifs à vos suggestions pour améliorer nos services.",2
2323,2322,"Nous espérons vous offrir une meilleure expérience lors de votre prochaine visite.",2
2324,2321,"Votre avis est important pour nous aider à progresser. Merci d'avoir pris le temps de nous écrire.",2
2325,2324,"Nous travaillons déjà sur les améliorations évoquées. Merci de votre compréhension.",2
2326,0,"Plutôt satisfait, mais il y a de la marge pour rendre l'expérience plus mémorable.",2
2327,2326,"Merci pour votre retour, nous sommes attentifs à vos suggestions pour améliorer nos services.",2
2328,2327,"Nous travaillons déjà sur les améliorations évoquées. Merci de votre compréhension.",2
2329,2326,"Votre avis est important pour nous aider à progresser. Merci d'avoir pris le temps de nous écrire.",2
2330,2329,"Nous espérons vous offrir une meilleure expérience lors de votre prochaine visite.",2
2331,0,"Plutôt satisfait, mais il y a de la marge pour rendre l'expérience plus mémorable.",2
2332,2331,"Merci pour votre retour, nous sommes attentifs à vos suggestions pour améliorer nos services.",2
2333,2332,"Nous espérons vous offrir une meilleure expérience lors de votre prochaine visite.",2
2334,2331,"Merci pour votre retour, nous sommes attentifs à vos suggestions pour améliorer nos services.",2
2335,2334,"Nous travaillons déjà sur les améliorations évoquées. Merci de votre compréhension.",2
2336,0,"Correct, mais je m'attendais à un peu mieux vu les avis.",2
2337,2336,"Votre avis est important pour nous aider à progresser. Merci d'avoir pris le temps de nous écrire.",2
2338,2337,"Nous travaillons déjà sur les améliorations évoquées. Merci de votre compréhension.",2
2339,2336,"Votre avis est important pour nous aider à progresser. Merci d'avoir pris le temps de nous écrire.",2
2340,2339,"Nous travaillons déjà sur les améliorations évoquées. Merci de votre compréhension.",2
2341,0,"Plutôt satisfait, mais il y a de la marge pour rendre l'expérience plus mémorable.",2
2342,2341,"Votre avis est important pour nous aider à progresser. Merci d'avoir pris le temps de nous écrire.",2
2343,2342,"Nous espérons vous offrir une meilleure expérience lors de votre prochaine visite.",2
2344,2341,"Merci pour votre retour, nous sommes attentifs à vos suggestions pour améliorer nos services.",2
2345,2344,"Nous travaillons déjà sur les améliorations évoquées. Merci de votre compréhension.",2
2346,0,"Bon séjour dans l'ensemble, mais quelques points à améliorer.",2
2347,2346,"Merci pour votre retour, nous sommes attentifs à vos suggestions pour améliorer nos services.",2
2348,2347,"Nous espérons vous offrir une meilleure expérience lors de votre prochaine visite.",2
2349,2346,"Votre avis est important pour nous aider à progresser. Merci d'avoir pris le temps de nous écrire.",2
2350,2349,"Nous espérons vous offrir une meilleure expérience lors de votre prochaine visite.",2
2351,0,"Correct, mais je m'attendais à un peu mieux vu les avis.",2
2352,2351,"Votre avis est important pour nous aider à progresser. Merci d'avoir pris le temps de nous écrire.",2
2353,2352,"Nous travaillons déjà sur les améliorations évoquées. Merci de votre compréhension.",2
2354,2351,"Votre avis est important pour nous aider à progresser. Merci d'avoir pris le temps de nous écrire.",2
2355,2354,"Nous espérons vous offrir une meilleure expérience lors de votre prochaine visite.",2
2356,0,"Plutôt satisfait, mais il y a de la marge pour rendre l'expérience plus mémorable.",2
2357,2356,"Merci pour votre retour, nous sommes attentifs à vos suggestions pour améliorer nos services.",2
2358,2357,"Nous travaillons déjà sur les améliorations évoquées. Merci de votre compréhension.",2
2359,2356,"Votre avis est important pour nous aider à progresser. Merci d'avoir pris le temps de nous écrire.",2
2360,2359,"Nous travaillons déjà sur les améliorations évoquées. Merci de votre compréhension.",2
2361,0,"Plutôt satisfait, mais il y a de la marge pour rendre l'expérience plus mémorable.",2
2362,2361,"Merci pour votre retour, nous sommes attentifs à vos suggestions pour améliorer nos services.",2
2363,2362,"Nous espérons vous offrir une meilleure expérience lors de votre prochaine visite.",2
2364,2361,"Votre avis est important pour nous aider à progresser. Merci d'avoir pris le temps de nous écrire.",2
2365,2364,"Nous espérons vous offrir une meilleure expérience lors de votre prochaine visite.",2
2366,0,"Bon séjour dans l'ensemble, mais quelques points à améliorer.",2
2367,2366,"Votre avis est important pour nous aider à progresser. Merci d'avoir pris le temps de nous écrire.",2
2368,2367,"Nous travaillons déjà sur les améliorations évoquées. Merci de votre compréhension.",2
2369,2366,"Merci pour votre retour, nous sommes attentifs à vos suggestions pour améliorer nos services.",2
2370,2369,"Nous espérons vous offrir une meilleure expérience lors de votre prochaine visite.",2
2371,0,"Plutôt satisfait, mais il y a de la marge pour rendre l'expérience plus mémorable.",2
2372,2371,"Merci pour votre retour, nous sommes attentifs à vos suggestions pour améliorer nos services.",2
2373,2372,"Nous espérons vous offrir une meilleure expérience lors de votre prochaine visite.",2
2374,2371,"Votre avis est important pour nous aider à progresser. Merci d'avoir pris le temps de nous écrire.",2
2375,2374,"Nous espérons vous offrir une meilleure expérience lors de votre prochaine visite.",2
2376,0,"Correct, mais je m'attendais à un peu mieux vu les avis.",2
2377,2376,"Merci pour votre retour, nous sommes attentifs à vos suggestions pour améliorer nos services.",2
2378,2377,"Nous travaillons déjà sur les améliorations évoquées. Merci de votre compréhension.",2
2379,2376,"Votre avis est important pour nous aider à progresser. Merci d'avoir pris le temps de nous écrire.",2
2380,2379,"Nous espérons vous offrir une meilleure expérience lors de votre prochaine visite.",2
2381,0,"Plutôt satisfait, mais il y a de la marge pour rendre l'expérience plus mémorable.",2
2382,2381,"Merci pour votre retour, nous sommes attentifs à vos suggestions pour améliorer nos services.",2
2383,2382,"Nous travaillons déjà sur les améliorations évoquées. Merci de votre compréhension.",2
2384,2381,"Votre avis est important pour nous aider à progresser. Merci d'avoir pris le temps de nous écrire.",2
2385,2384,"Nous espérons vous offrir une meilleure expérience lors de votre prochaine visite.",2
2386,0,"Bon séjour dans l'ensemble, mais quelques points à améliorer.",2
2387,2386,"Merci pour votre retour, nous sommes attentifs à vos suggestions pour améliorer nos services.",2
2388,2387,"Nous espérons vous offrir une meilleure expérience lors de votre prochaine visite.",2
2389,2386,"Merci pour votre retour, nous sommes attentifs à vos suggestions pour améliorer nos services.",2
2390,2389,"Nous travaillons déjà sur les améliorations évoquées. Merci de votre compréhension.",2
2391,0,"Bon séjour dans l'ensemble, mais quelques points à améliorer.",2
2392,2391,"Votre avis est important pour nous aider à progresser. Merci d'avoir pris le temps de nous écrire.",2
2393,2392,"Nous espérons vous offrir une meilleure expérience lors de votre prochaine visite.",2
2394,2391,"Votre avis est important pour nous aider à progresser. Merci d'avoir pris le temps de nous écrire.",2
2395,2394,"Nous espérons vous offrir une meilleure expérience lors de votre prochaine visite.",2
2396,0,"Correct, mais je m'attendais à un peu mieux vu les avis.",2
2397,2396,"Merci pour votre retour, nous sommes attentifs à vos suggestions pour améliorer nos services.",2
2398,2397,"Nous travaillons déjà sur les améliorations évoquées. Merci de votre compréhension.",2
2399,2396,"Merci pour votre retour, nous sommes attentifs à vos suggestions pour améliorer nos services.",2
2400,2399,"Nous espérons vous offrir une meilleure expérience lors de votre prochaine visite.",2
2401,0,"Bon séjour dans l'ensemble, mais quelques points à améliorer.",2
2402,2401,"Merci pour votre retour, nous sommes attentifs à vos suggestions pour améliorer nos services.",2
2403,2402,"Nous travaillons déjà sur les améliorations évoquées. Merci de votre compréhension.",2
2404,2401,"Votre avis est important pour nous aider à progresser. Merci d'avoir pris le temps de nous écrire.",2
2405,2404,"Nous espérons vous offrir une meilleure expérience lors de votre prochaine visite.",2
2406,0,"Plutôt satisfait, mais il y a de la marge pour rendre l'expérience plus mémorable.",2
2407,2406,"Merci pour votre retour, nous sommes attentifs à vos suggestions pour améliorer nos services.",2
2408,2407,"Nous travaillons déjà sur les améliorations évoquées. Merci de votre compréhension.",2
2409,2406,"Votre avis est important pour nous aider à progresser. Merci d'avoir pris le temps de nous écrire.",2
2410,2409,"Nous espérons vous offrir une meilleure expérience lors de votre prochaine visite.",2
2411,0,"Plutôt satisfait, mais il y a de la marge pour rendre l'expérience plus mémorable.",2
2412,2411,"Merci pour votre retour, nous sommes attentifs à vos suggestions pour améliorer nos services.",2
2413,2412,"Nous espérons vous offrir une meilleure expérience lors de votre prochaine visite.",2
2414,2411,"Merci pour votre retour, nous sommes attentifs à vos suggestions pour améliorer nos services.",2
2415,2414,"Nous travaillons déjà sur les améliorations évoquées. Merci de votre compréhension.",2
2416,0,"Correct, mais je m'attendais à un peu mieux vu les avis.",2
2417,2416,"Merci pour votre retour, nous sommes attentifs à vos suggestions pour améliorer nos services.",2
2418,2417,"Nous espérons vous offrir une meilleure expérience lors de votre prochaine visite.",2
2419,2416,"Votre avis est important pour nous aider à progresser. Merci d'avoir pris le temps de nous écrire.",2
2420,2419,"Nous travaillons déjà sur les améliorations évoquées. Merci de votre compréhension.",2
2421,0,"Correct, mais je m'attendais à un peu mieux vu les avis.",2
2422,2421,"Merci pour votre retour, nous sommes attentifs à vos suggestions pour améliorer nos services.",2
2423,2422,"Nous espérons vous offrir une meilleure expérience lors de votre prochaine visite.",2
2424,2421,"Votre avis est important pour nous aider à progresser. Merci d'avoir pris le temps de nous écrire.",2
2425,2424,"Nous travaillons déjà sur les améliorations évoquées. Merci de votre compréhension.",2
2426,0,"Plutôt satisfait, mais il y a de la marge pour rendre l'expérience plus mémorable.",2
2427,2426,"Merci pour votre retour, nous sommes attentifs à vos suggestions pour améliorer nos services.",2
2428,2427,"Nous espérons vous offrir une meilleure expérience lors de votre prochaine visite.",2
2429,2426,"Votre avis est important pour nous aider à progresser. Merci d'avoir pris le temps de nous écrire.",2
2430,2429,"Nous travaillons déjà sur les améliorations évoquées. Merci de votre compréhension.",2
2431,0,"Plutôt satisfait, mais il y a de la marge pour rendre l'expérience plus mémorable.",2
2432,2431,"Votre avis est important pour nous aider à progresser. Merci d'avoir pris le temps de nous écrire.",2
2433,2432,"Nous espérons vous offrir une meilleure expérience lors de votre prochaine visite.",2
2434,2431,"Votre avis est important pour nous aider à progresser. Merci d'avoir pris le temps de nous écrire.",2
2435,2434,"Nous espérons vous offrir une meilleure expérience lors de votre prochaine visite.",2
2436,0,"Correct, mais je m'attendais à un peu mieux vu les avis.",2
2437,2436,"Votre avis est important pour nous aider à progresser. Merci d'avoir pris le temps de nous écrire.",2
2438,2437,"Nous espérons vous offrir une meilleure expérience lors de votre prochaine visite.",2
2439,2436,"Merci pour votre retour, nous sommes attentifs à vos suggestions pour améliorer nos services.",2
2440,2439,"Nous espérons vous offrir une meilleure expérience lors de votre prochaine visite.",2
2441,0,"Plutôt satisfait, mais il y a de la marge pour rendre l'expérience plus mémorable.",2
2442,2441,"Votre avis est important pour nous aider à progresser. Merci d'avoir pris le temps de nous écrire.",2
2443,2442,"Nous espérons vous offrir une meilleure expérience lors de votre prochaine visite.",2
2444,2441,"Merci pour votre retour, nous sommes attentifs à vos suggestions pour améliorer nos services.",2
2445,2444,"Nous travaillons déjà sur les améliorations évoquées. Merci de votre compréhension.",2
2446,0,"Plutôt satisfait, mais il y a de la marge pour rendre l'expérience plus mémorable.",2
2447,2446,"Votre avis est important pour nous aider à progresser. Merci d'avoir pris le temps de nous écrire.",2
2448,2447,"Nous espérons vous offrir une meilleure expérience lors de votre prochaine visite.",2
2449,2446,"Votre avis est important pour nous aider à progresser. Merci d'avoir pris le temps de nous écrire.",2
2450,2449,"Nous travaillons déjà sur les améliorations évoquées. Merci de votre compréhension.",2
2451,0,"Correct, mais je m'attendais à un peu mieux vu les avis.",2
2452,2451,"Votre avis est important pour nous aider à progresser. Merci d'avoir pris le temps de nous écrire.",2
2453,2452,"Nous espérons vous offrir une meilleure expérience lors de votre prochaine visite.",2
2454,2451,"Merci pour votre retour, nous sommes attentifs à vos suggestions pour améliorer nos services.",2
2455,2454,"Nous travaillons déjà sur les améliorations évoquées. Merci de votre compréhension.",2
2456,0,"Bon séjour dans l'ensemble, mais quelques points à améliorer.",2
2457,2456,"Votre avis est important pour nous aider à progresser. Merci d'avoir pris le temps de nous écrire.",2
2458,2457,"Nous espérons vous offrir une meilleure expérience lors de votre prochaine visite.",2
2459,2456,"Votre avis est important pour nous aider à progresser. Merci d'avoir pris le temps de nous écrire.",2
2460,2459,"Nous travaillons déjà sur les améliorations évoquées. Merci de votre compréhension.",2
2461,0,"Bon séjour dans l'ensemble, mais quelques points à améliorer.",2
2462,2461,"Votre avis est important pour nous aider à progresser. Merci d'avoir pris le temps de nous écrire.",2
2463,2462,"Nous travaillons déjà sur les améliorations évoquées. Merci de votre compréhension.",2
2464,2461,"Merci pour votre retour, nous sommes attentifs à vos suggestions pour améliorer nos services.",2
2465,2464,"Nous espérons vous offrir une meilleure expérience lors de votre prochaine visite.",2
2466,0,"Correct, mais je m'attendais à un peu mieux vu les avis.",2
2467,2466,"Merci pour votre retour, nous sommes attentifs à vos suggestions pour améliorer nos services.",2
2468,2467,"Nous travaillons déjà sur les améliorations évoquées. Merci de votre compréhension.",2
2469,2466,"Votre avis est important pour nous aider à progresser. Merci d'avoir pris le temps de nous écrire.",2
2470,2469,"Nous espérons vous offrir une meilleure expérience lors de votre prochaine visite.",2
2471,0,"Correct, mais je m'attendais à un peu mieux vu les avis.",2
2472,2471,"Votre avis est important pour nous aider à progresser. Merci d'avoir pris le temps de nous écrire.",2
2473,2472,"Nous espérons vous offrir une meilleure expérience lors de votre prochaine visite.",2
2474,2471,"Votre avis est important pour nous aider à progresser. Merci d'avoir pris le temps de nous écrire.",2
2475,2474,"Nous espérons vous offrir une meilleure expérience lors de votre prochaine visite.",2
2476,0,"Plutôt satisfait, mais il y a de la marge pour rendre l'expérience plus mémorable.",2
2477,2476,"Merci pour votre retour, nous sommes attentifs à vos suggestions pour améliorer nos services.",2
2478,2477,"Nous travaillons déjà sur les améliorations évoquées. Merci de votre compréhension.",2
2479,2476,"Merci pour votre retour, nous sommes attentifs à vos suggestions pour améliorer nos services.",2
2480,2479,"Nous espérons vous offrir une meilleure expérience lors de votre prochaine visite.",2
2481,0,"Plutôt satisfait, mais il y a de la marge pour rendre l'expérience plus mémorable.",2
2482,2481,"Merci pour votre retour, nous sommes attentifs à vos suggestions pour améliorer nos services.",2
2483,2482,"Nous espérons vous offrir une meilleure expérience lors de votre prochaine visite.",2
2484,2481,"Merci pour votre retour, nous sommes attentifs à vos suggestions pour améliorer nos services.",2
2485,2484,"Nous travaillons déjà sur les améliorations évoquées. Merci de votre compréhension.",2
2486,0,"Plutôt satisfait, mais il y a de la marge pour rendre l'expérience plus mémorable.",2
2487,2486,"Votre avis est important pour nous aider à progresser. Merci d'avoir pris le temps de nous écrire.",2
2488,2487,"Nous travaillons déjà sur les améliorations évoquées. Merci de votre compréhension.",2
2489,2486,"Votre avis est important pour nous aider à progresser. Merci d'avoir pris le temps de nous écrire.",2
2490,2489,"Nous espérons vous offrir une meilleure expérience lors de votre prochaine visite.",2
2491,0,"Correct, mais je m'attendais à un peu mieux vu les avis.",2
2492,2491,"Votre avis est important pour nous aider à progresser. Merci d'avoir pris le temps de nous écrire.",2
2493,2492,"Nous espérons vous offrir une meilleure expérience lors de votre prochaine visite.",2
2494,2491,"Votre avis est important pour nous aider à progresser. Merci d'avoir pris le temps de nous écrire.",2
2495,2494,"Nous espérons vous offrir une meilleure expérience lors de votre prochaine visite.",2
2496,0,"Plutôt satisfait, mais il y a de la marge pour rendre l'expérience plus mémorable.",2
2497,2496,"Merci pour votre retour, nous sommes attentifs à vos suggestions pour améliorer nos services.",2
2498,2497,"Nous espérons vous offrir une meilleure expérience lors de votre prochaine visite.",2
2499,2496,"Merci pour votre retour, nous sommes attentifs à vos suggestions pour améliorer nos services.",2
2500,2499,"Nous travaillons déjà sur les améliorations évoquées. Merci de votre compréhension.",2
2501,0,"Correct, mais je m'attendais à un peu mieux vu les avis.",2
2502,2501,"Merci pour votre retour, nous sommes attentifs à vos suggestions pour améliorer nos services.",2
2503,2502,"Nous espérons vous offrir une meilleure expérience lors de votre prochaine visite.",2
2504,2501,"Merci pour votre retour, nous sommes attentifs à vos suggestions pour améliorer nos services.",2
2505,2504,"Nous travaillons déjà sur les améliorations évoquées. Merci de votre compréhension.",2
2506,0,"Plutôt satisfait, mais il y a de la marge pour rendre l'expérience plus mémorable.",2
2507,2506,"Merci pour votre retour, nous sommes attentifs à vos suggestions pour améliorer nos services.",2
2508,2507,"Nous travaillons déjà sur les améliorations évoquées. Merci de votre compréhension.",2
2509,2506,"Merci pour votre retour, nous sommes attentifs à vos suggestions pour améliorer nos services.",2
2510,2509,"Nous espérons vous offrir une meilleure expérience lors de votre prochaine visite.",2
2511,0,"Correct, mais je m'attendais à un peu mieux vu les avis.",2
2512,2511,"Votre avis est important pour nous aider à progresser. Merci d'avoir pris le temps de nous écrire.",2
2513,2512,"Nous travaillons déjà sur les améliorations évoquées. Merci de votre compréhension.",2
2514,2511,"Merci pour votre retour, nous sommes attentifs à vos suggestions pour améliorer nos services.",2
2515,2514,"Nous travaillons déjà sur les améliorations évoquées. Merci de votre compréhension.",2
2516,0,"Plutôt satisfait, mais il y a de la marge pour rendre l'expérience plus mémorable.",2
2517,2516,"Votre avis est important pour nous aider à progresser. Merci d'avoir pris le temps de nous écrire.",2
2518,2517,"Nous espérons vous offrir une meilleure expérience lors de votre prochaine visite.",2
2519,2516,"Votre avis est important pour nous aider à progresser. Merci d'avoir pris le temps de nous écrire.",2
2520,2519,"Nous travaillons déjà sur les améliorations évoquées. Merci de votre compréhension.",2
2521,0,"Correct, mais je m'attendais à un peu mieux vu les avis.",2
2522,2521,"Merci pour votre retour, nous sommes attentifs à vos suggestions pour améliorer nos services.",2
2523,2522,"Nous travaillons déjà sur les améliorations évoquées. Merci de votre compréhension.",2
2524,2521,"Votre avis est important pour nous aider à progresser. Merci d'avoir pris le temps de nous écrire.",2
2525,2524,"Nous travaillons déjà sur les améliorations évoquées. Merci de votre compréhension.",2
2526,0,"Correct, mais je m'attendais à un peu mieux vu les avis.",2
2527,2526,"Votre avis est important pour nous aider à progresser. Merci d'avoir pris le temps de nous écrire.",2
2528,2527,"Nous travaillons déjà sur les améliorations évoquées. Merci de votre compréhension.",2
2529,2526,"Votre avis est important pour nous aider à progresser. Merci d'avoir pris le temps de nous écrire.",2
2530,2529,"Nous travaillons déjà sur les améliorations évoquées. Merci de votre compréhension.",2
2531,0,"Correct, mais je m'attendais à un peu mieux vu les avis.",2
2532,2531,"Votre avis est important pour nous aider à progresser. Merci d'avoir pris le temps de nous écrire.",2
2533,2532,"Nous espérons vous offrir une meilleure expérience lors de votre prochaine visite.",2
2534,2531,"Merci pour votre retour, nous sommes attentifs à vos suggestions pour améliorer nos services.",2
2535,2534,"Nous travaillons déjà sur les améliorations évoquées. Merci de votre compréhension.",2
2536,0,"Bon séjour dans l'ensemble, mais quelques points à améliorer.",2
2537,2536,"Merci pour votre retour, nous sommes attentifs à vos suggestions pour améliorer nos services.",2
2538,2537,"Nous travaillons déjà sur les améliorations évoquées. Merci de votre compréhension.",2
2539,2536,"Votre avis est important pour nous aider à progresser. Merci d'avoir pris le temps de nous écrire.",2
2540,2539,"Nous travaillons déjà sur les améliorations évoquées. Merci de votre compréhension.",2
2541,0,"Plutôt satisfait, mais il y a de la marge pour rendre l'expérience plus mémorable.",2
2542,2541,"Merci pour votre retour, nous sommes attentifs à vos suggestions pour améliorer nos services.",2
2543,2542,"Nous travaillons déjà sur les améliorations évoquées. Merci de votre compréhension.",2
2544,2541,"Merci pour votre retour, nous sommes attentifs à vos suggestions pour améliorer nos services.",2
2545,2544,"Nous espérons vous offrir une meilleure expérience lors de votre prochaine visite.",2
2546,0,"Bon séjour dans l'ensemble, mais quelques points à améliorer.",2
2547,2546,"Merci pour votre retour, nous sommes attentifs à vos suggestions pour améliorer nos services.",2
2548,2547,"Nous travaillons déjà sur les améliorations évoquées. Merci de votre compréhension.",2
2549,2546,"Merci pour votre retour, nous sommes attentifs à vos suggestions pour améliorer nos services.",2
2550,2549,"Nous travaillons déjà sur les améliorations évoquées. Merci de votre compréhension.",2
2551,0,"Bon séjour dans l'ensemble, mais quelques points à améliorer.",2
2552,2551,"Merci pour votre retour, nous sommes attentifs à vos suggestions pour améliorer nos services.",2
2553,2552,"Nous travaillons déjà sur les améliorations évoquées. Merci de votre compréhension.",2
2554,2551,"Merci pour votre retour, nous sommes attentifs à vos suggestions pour améliorer nos services.",2
2555,2554,"Nous travaillons déjà sur les améliorations évoquées. Merci de votre compréhension.",2
2556,0,"Bon séjour dans l'ensemble, mais quelques points à améliorer.",2
2557,2556,"Votre avis est important pour nous aider à progresser. Merci d'avoir pris le temps de nous écrire.",2
2558,2557,"Nous travaillons déjà sur les améliorations évoquées. Merci de votre compréhension.",2
2559,2556,"Merci pour votre retour, nous sommes attentifs à vos suggestions pour améliorer nos services.",2
2560,2559,"Nous travaillons déjà sur les améliorations évoquées. Merci de votre compréhension.",2
2561,0,"Correct, mais je m'attendais à un peu mieux vu les avis.",2
2562,2561,"Votre avis est important pour nous aider à progresser. Merci d'avoir pris le temps de nous écrire.",2
2563,2562,"Nous espérons vous offrir une meilleure expérience lors de votre prochaine visite.",2
2564,2561,"Votre avis est important pour nous aider à progresser. Merci d'avoir pris le temps de nous écrire.",2
2565,2564,"Nous travaillons déjà sur les améliorations évoquées. Merci de votre compréhension.",2
2566,0,"Bon séjour dans l'ensemble, mais quelques points à améliorer.",2
2567,2566,"Merci pour votre retour, nous sommes attentifs à vos suggestions pour améliorer nos services.",2
2568,2567,"Nous espérons vous offrir une meilleure expérience lors de votre prochaine visite.",2
2569,2566,"Merci pour votre retour, nous sommes attentifs à vos suggestions pour améliorer nos services.",2
2570,2569,"Nous travaillons déjà sur les améliorations évoquées. Merci de votre compréhension.",2
2571,0,"Bon séjour dans l'ensemble, mais quelques points à améliorer.",2
2572,2571,"Merci pour votre retour, nous sommes attentifs à vos suggestions pour améliorer nos services.",2
2573,2572,"Nous espérons vous offrir une meilleure expérience lors de votre prochaine visite.",2
2574,2571,"Merci pour votre retour, nous sommes attentifs à vos suggestions pour améliorer nos services.",2
2575,2574,"Nous travaillons déjà sur les améliorations évoquées. Merci de votre compréhension.",2
2576,0,"Correct, mais je m'attendais à un peu mieux vu les avis.",2
2577,2576,"Merci pour votre retour, nous sommes attentifs à vos suggestions pour améliorer nos services.",2
2578,2577,"Nous espérons vous offrir une meilleure expérience lors de votre prochaine visite.",2
2579,2576,"Votre avis est important pour nous aider à progresser. Merci d'avoir pris le temps de nous écrire.",2
2580,2579,"Nous espérons vous offrir une meilleure expérience lors de votre prochaine visite.",2
2581,0,"Plutôt satisfait, mais il y a de la marge pour rendre l'expérience plus mémorable.",2
2582,2581,"Merci pour votre retour, nous sommes attentifs à vos suggestions pour améliorer nos services.",2
2583,2582,"Nous travaillons déjà sur les améliorations évoquées. Merci de votre compréhension.",2
2584,2581,"Merci pour votre retour, nous sommes attentifs à vos suggestions pour améliorer nos services.",2
2585,2584,"Nous espérons vous offrir une meilleure expérience lors de votre prochaine visite.",2
2586,0,"Bon séjour dans l'ensemble, mais quelques points à améliorer.",2
2587,2586,"Merci pour votre retour, nous sommes attentifs à vos suggestions pour améliorer nos services.",2
2588,2587,"Nous espérons vous offrir une meilleure expérience lors de votre prochaine visite.",2
2589,2586,"Merci pour votre retour, nous sommes attentifs à vos suggestions pour améliorer nos services.",2
2590,2589,"Nous travaillons déjà sur les améliorations évoquées. Merci de votre compréhension.",2
2591,0,"Correct, mais je m'attendais à un peu mieux vu les avis.",2
2592,2591,"Merci pour votre retour, nous sommes attentifs à vos suggestions pour améliorer nos services.",2
2593,2592,"Nous travaillons déjà sur les améliorations évoquées. Merci de votre compréhension.",2
2594,2591,"Merci pour votre retour, nous sommes attentifs à vos suggestions pour améliorer nos services.",2
2595,2594,"Nous espérons vous offrir une meilleure expérience lors de votre prochaine visite.",2
2596,0,"Correct, mais je m'attendais à un peu mieux vu les avis.",2
2597,2596,"Merci pour votre retour, nous sommes attentifs à vos suggestions pour améliorer nos services.",2
2598,2597,"Nous travaillons déjà sur les améliorations évoquées. Merci de votre compréhension.",2
2599,2596,"Merci pour votre retour, nous sommes attentifs à vos suggestions pour améliorer nos services.",2
2600,2599,"Nous espérons vous offrir une meilleure expérience lors de votre prochaine visite.",2
2601,0,"Plutôt satisfait, mais il y a de la marge pour rendre l'expérience plus mémorable.",2
2602,2601,"Merci pour votre retour, nous sommes attentifs à vos suggestions pour améliorer nos services.",2
2603,2602,"Nous travaillons déjà sur les améliorations évoquées. Merci de votre compréhension.",2
2604,2601,"Votre avis est important pour nous aider à progresser. Merci d'avoir pris le temps de nous écrire.",2
2605,2604,"Nous espérons vous offrir une meilleure expérience lors de votre prochaine visite.",2
2606,0,"Plutôt satisfait, mais il y a de la marge pour rendre l'expérience plus mémorable.",2
2607,2606,"Merci pour votre retour, nous sommes attentifs à vos suggestions pour améliorer nos services.",2
2608,2607,"Nous travaillons déjà sur les améliorations évoquées. Merci de votre compréhension.",2
2609,2606,"Merci pour votre retour, nous sommes attentifs à vos suggestions pour améliorer nos services.",2
2610,2609,"Nous espérons vous offrir une meilleure expérience lors de votre prochaine visite.",2
2611,0,"Bon séjour dans l'ensemble, mais quelques points à améliorer.",2
2612,2611,"Merci pour votre retour, nous sommes attentifs à vos suggestions pour améliorer nos services.",2
2613,2612,"Nous espérons vous offrir une meilleure expérience lors de votre prochaine visite.",2
2614,2611,"Merci pour votre retour, nous sommes attentifs à vos suggestions pour améliorer nos services.",2
2615,2614,"Nous travaillons déjà sur les améliorations évoquées. Merci de votre compréhension.",2
2616,0,"Bon séjour dans l'ensemble, mais quelques points à améliorer.",2
2617,2616,"Merci pour votre retour, nous sommes attentifs à vos suggestions pour améliorer nos services.",2
2618,2617,"Nous travaillons déjà sur les améliorations évoquées. Merci de votre compréhension.",2
2619,2616,"Merci pour votre retour, nous sommes attentifs à vos suggestions pour améliorer nos services.",2
2620,2619,"Nous espérons vous offrir une meilleure expérience lors de votre prochaine visite.",2
2621,0,"Plutôt satisfait, mais il y a de la marge pour rendre l'expérience plus mémorable.",2
2622,2621,"Votre avis est important pour nous aider à progresser. Merci d'avoir pris le temps de nous écrire.",2
2623,2622,"Nous espérons vous offrir une meilleure expérience lors de votre prochaine visite.",2
2624,2621,"Merci pour votre retour, nous sommes attentifs à vos suggestions pour améliorer nos services.",2
2625,2624,"Nous espérons vous offrir une meilleure expérience lors de votre prochaine visite.",2
2626,0,"Plutôt satisfait, mais il y a de la marge pour rendre l'expérience plus mémorable.",2
2627,2626,"Merci pour votre retour, nous sommes attentifs à vos suggestions pour améliorer nos services.",2
2628,2627,"Nous espérons vous offrir une meilleure expérience lors de votre prochaine visite.",2
2629,2626,"Votre avis est important pour nous aider à progresser. Merci d'avoir pris le temps de nous écrire.",2
2630,2629,"Nous espérons vous offrir une meilleure expérience lors de votre prochaine visite.",2
2631,0,"Correct, mais je m'attendais à un peu mieux vu les avis.",2
2632,2631,"Votre avis est important pour nous aider à progresser. Merci d'avoir pris le temps de nous écrire.",2
2633,2632,"Nous espérons vous offrir une meilleure expérience lors de votre prochaine visite.",2
2634,2631,"Votre avis est important pour nous aider à progresser. Merci d'avoir pris le temps de nous écrire.",2
2635,2634,"Nous espérons vous offrir une meilleure expérience lors de votre prochaine visite.",2
2636,0,"Plutôt satisfait, mais il y a de la marge pour rendre l'expérience plus mémorable.",2
2637,2636,"Merci pour votre retour, nous sommes attentifs à vos suggestions pour améliorer nos services.",2
2638,2637,"Nous travaillons déjà sur les améliorations évoquées. Merci de votre compréhension.",2
2639,2636,"Merci pour votre retour, nous sommes attentifs à vos suggestions pour améliorer nos services.",2
2640,2639,"Nous espérons vous offrir une meilleure expérience lors de votre prochaine visite.",2
2641,0,"Correct, mais je m'attendais à un peu mieux vu les avis.",2
2642,2641,"Merci pour votre retour, nous sommes attentifs à vos suggestions pour améliorer nos services.",2
2643,2642,"Nous espérons vous offrir une meilleure expérience lors de votre prochaine visite.",2
2644,2641,"Votre avis est important pour nous aider à progresser. Merci d'avoir pris le temps de nous écrire.",2
2645,2644,"Nous espérons vous offrir une meilleure expérience lors de votre prochaine visite.",2
2646,0,"Correct, mais je m'attendais à un peu mieux vu les avis.",2
2647,2646,"Merci pour votre retour, nous sommes attentifs à vos suggestions pour améliorer nos services.",2
2648,2647,"Nous espérons vous offrir une meilleure expérience lors de votre prochaine visite.",2
2649,2646,"Votre avis est important pour nous aider à progresser. Merci d'avoir pris le temps de nous écrire.",2
2650,2649,"Nous travaillons déjà sur les améliorations évoquées. Merci de votre compréhension.",2
2651,0,"Plutôt satisfait, mais il y a de la marge pour rendre l'expérience plus mémorable.",2
2652,2651,"Votre avis est important pour nous aider à progresser. Merci d'avoir pris le temps de nous écrire.",2
2653,2652,"Nous travaillons déjà sur les améliorations évoquées. Merci de votre compréhension.",2
2654,2651,"Merci pour votre retour, nous sommes attentifs à vos suggestions pour améliorer nos services.",2
2655,2654,"Nous travaillons déjà sur les améliorations évoquées. Merci de votre compréhension.",2
2656,0,"Plutôt satisfait, mais il y a de la marge pour rendre l'expérience plus mémorable.",2
2657,2656,"Merci pour votre retour, nous sommes attentifs à vos suggestions pour améliorer nos services.",2
2658,2657,"Nous travaillons déjà sur les améliorations évoquées. Merci de votre compréhension.",2
2659,2656,"Votre avis est important pour nous aider à progresser. Merci d'avoir pris le temps de nous écrire.",2
2660,2659,"Nous travaillons déjà sur les améliorations évoquées. Merci de votre compréhension.",2
2661,0,"Bon séjour dans l'ensemble, mais quelques points à améliorer.",2
2662,2661,"Votre avis est important pour nous aider à progresser. Merci d'avoir pris le temps de nous écrire.",2
2663,2662,"Nous espérons vous offrir une meilleure expérience lors de votre prochaine visite.",2
2664,2661,"Merci pour votre retour, nous sommes attentifs à vos suggestions pour améliorer nos services.",2
2665,2664,"Nous travaillons déjà sur les améliorations évoquées. Merci de votre compréhension.",2
2666,0,"Bon séjour dans l'ensemble, mais quelques points à améliorer.",2
2667,2666,"Merci pour votre retour, nous sommes attentifs à vos suggestions pour améliorer nos services.",2
2668,2667,"Nous travaillons déjà sur les améliorations évoquées. Merci de votre compréhension.",2
2669,2666,"Votre avis est important pour nous aider à progresser. Merci d'avoir pris le temps de nous écrire.",2
2670,2669,"Nous travaillons déjà sur les améliorations évoquées. Merci de votre compréhension.",2
2671,0,"Bon séjour dans l'ensemble, mais quelques points à améliorer.",2
2672,2671,"Merci pour votre retour, nous sommes attentifs à vos suggestions pour améliorer nos services.",2
2673,2672,"Nous espérons vous offrir une meilleure expérience lors de votre prochaine visite.",2
2674,2671,"Votre avis est important pour nous aider à progresser. Merci d'avoir pris le temps de nous écrire.",2
2675,2674,"Nous espérons vous offrir une meilleure expérience lors de votre prochaine visite.",2
2676,0,"Correct, mais je m'attendais à un peu mieux vu les avis.",2
2677,2676,"Votre avis est important pour nous aider à progresser. Merci d'avoir pris le temps de nous écrire.",2
2678,2677,"Nous travaillons déjà sur les améliorations évoquées. Merci de votre compréhension.",2
2679,2676,"Merci pour votre retour, nous sommes attentifs à vos suggestions pour améliorer nos services.",2
2680,2679,"Nous travaillons déjà sur les améliorations évoquées. Merci de votre compréhension.",2
2681,0,"Plutôt satisfait, mais il y a de la marge pour rendre l'expérience plus mémorable.",2
2682,2681,"Merci pour votre retour, nous sommes attentifs à vos suggestions pour améliorer nos services.",2
2683,2682,"Nous espérons vous offrir une meilleure expérience lors de votre prochaine visite.",2
2684,2681,"Votre avis est important pour nous aider à progresser. Merci d'avoir pris le temps de nous écrire.",2
2685,2684,"Nous espérons vous offrir une meilleure expérience lors de votre prochaine visite.",2
2686,0,"Correct, mais je m'attendais à un peu mieux vu les avis.",2
2687,2686,"Votre avis est important pour nous aider à progresser. Merci d'avoir pris le temps de nous écrire.",2
2688,2687,"Nous travaillons déjà sur les améliorations évoquées. Merci de votre compréhension.",2
2689,2686,"Merci pour votre retour, nous sommes attentifs à vos suggestions pour améliorer nos services.",2
2690,2689,"Nous travaillons déjà sur les améliorations évoquées. Merci de votre compréhension.",2
2691,0,"Plutôt satisfait, mais il y a de la marge pour rendre l'expérience plus mémorable.",2
2692,2691,"Votre avis est important pour nous aider à progresser. Merci d'avoir pris le temps de nous écrire.",2
2693,2692,"Nous travaillons déjà sur les améliorations évoquées. Merci de votre compréhension.",2
2694,2691,"Votre avis est important pour nous aider à progresser. Merci d'avoir pris le temps de nous écrire.",2
2695,2694,"Nous travaillons déjà sur les améliorations évoquées. Merci de votre compréhension.",2
2696,0,"Bon séjour dans l'ensemble, mais quelques points à améliorer.",2
2697,2696,"Votre avis est important pour nous aider à progresser. Merci d'avoir pris le temps de nous écrire.",2
2698,2697,"Nous travaillons déjà sur les améliorations évoquées. Merci de votre compréhension.",2
2699,2696,"Votre avis est important pour nous aider à progresser. Merci d'avoir pris le temps de nous écrire.",2
2700,2699,"Nous espérons vous offrir une meilleure expérience lors de votre prochaine visite.",2
2701,0,"Correct, mais je m'attendais à un peu mieux vu les avis.",2
2702,2701,"Merci pour votre retour, nous sommes attentifs à vos suggestions pour améliorer nos services.",2
2703,2702,"Nous espérons vous offrir une meilleure expérience lors de votre prochaine visite.",2
2704,2701,"Votre avis est important pour nous aider à progresser. Merci d'avoir pris le temps de nous écrire.",2
2705,2704,"Nous espérons vous offrir une meilleure expérience lors de votre prochaine visite.",2
2706,0,"Correct, mais je m'attendais à un peu mieux vu les avis.",2
2707,2706,"Merci pour votre retour, nous sommes attentifs à vos suggestions pour améliorer nos services.",2
2708,2707,"Nous espérons vous offrir une meilleure expérience lors de votre prochaine visite.",2
2709,2706,"Votre avis est important pour nous aider à progresser. Merci d'avoir pris le temps de nous écrire.",2
2710,2709,"Nous espérons vous offrir une meilleure expérience lors de votre prochaine visite.",2
2711,0,"Plutôt satisfait, mais il y a de la marge pour rendre l'expérience plus mémorable.",2
2712,2711,"Votre avis est important pour nous aider à progresser. Merci d'avoir pris le temps de nous écrire.",2
2713,2712,"Nous travaillons déjà sur les améliorations évoquées. Merci de votre compréhension.",2
2714,2711,"Votre avis est important pour nous aider à progresser. Merci d'avoir pris le temps de nous écrire.",2
2715,2714,"Nous espérons vous offrir une meilleure expérience lors de votre prochaine visite.",2
2716,0,"Correct, mais je m'attendais à un peu mieux vu les avis.",2
2717,2716,"Merci pour votre retour, nous sommes attentifs à vos suggestions pour améliorer nos services.",2
2718,2717,"Nous espérons vous offrir une meilleure expérience lors de votre prochaine visite.",2
2719,2716,"Merci pour votre retour, nous sommes attentifs à vos suggestions pour améliorer nos services.",2
2720,2719,"Nous espérons vous offrir une meilleure expérience lors de votre prochaine visite.",2
2721,0,"Plutôt satisfait, mais il y a de la marge pour rendre l'expérience plus mémorable.",2
2722,2721,"Votre avis est important pour nous aider à progresser. Merci d'avoir pris le temps de nous écrire.",2
2723,2722,"Nous travaillons déjà sur les améliorations évoquées. Merci de votre compréhension.",2
2724,2721,"Votre avis est important pour nous aider à progresser. Merci d'avoir pris le temps de nous écrire.",2
2725,2724,"Nous espérons vous offrir une meilleure expérience lors de votre prochaine visite.",2
2726,0,"Correct, mais je m'attendais à un peu mieux vu les avis.",2
2727,2726,"Merci pour votre retour, nous sommes attentifs à vos suggestions pour améliorer nos services.",2
2728,2727,"Nous espérons vous offrir une meilleure expérience lors de votre prochaine visite.",2
2729,2726,"Merci pour votre retour, nous sommes attentifs à vos suggestions pour améliorer nos services.",2
2730,2729,"Nous travaillons déjà sur les améliorations évoquées. Merci de votre compréhension.",2
2731,0,"Plutôt satisfait, mais il y a de la marge pour rendre l'expérience plus mémorable.",2
2732,2731,"Votre avis est important pour nous aider à progresser. Merci d'avoir pris le temps de nous écrire.",2
2733,2732,"Nous travaillons déjà sur les améliorations évoquées. Merci de votre compréhension.",2
2734,2731,"Merci pour votre retour, nous sommes attentifs à vos suggestions pour améliorer nos services.",2
2735,2734,"Nous espérons vous offrir une meilleure expérience lors de votre prochaine visite.",2
2736,0,"Bon séjour dans l'ensemble, mais quelques points à améliorer.",2
2737,2736,"Merci pour votre retour, nous sommes attentifs à vos suggestions pour améliorer nos services.",2
2738,2737,"Nous travaillons déjà sur les améliorations évoquées. Merci de votre compréhension.",2
2739,2736,"Merci pour votre retour, nous sommes attentifs à vos suggestions pour améliorer nos services.",2
2740,2739,"Nous espérons vous offrir une meilleure expérience lors de votre prochaine visite.",2
2741,0,"Correct, mais je m'attendais à un peu mieux vu les avis.",2
2742,2741,"Merci pour votre retour, nous sommes attentifs à vos suggestions pour améliorer nos services.",2
2743,2742,"Nous espérons vous offrir une meilleure expérience lors de votre prochaine visite.",2
2744,2741,"Votre avis est important pour nous aider à progresser. Merci d'avoir pris le temps de nous écrire.",2
2745,2744,"Nous espérons vous offrir une meilleure expérience lors de votre prochaine visite.",2
2746,0,"Correct, mais je m'attendais à un peu mieux vu les avis.",2
2747,2746,"Merci pour votre retour, nous sommes attentifs à vos suggestions pour améliorer nos services.",2
2748,2747,"Nous travaillons déjà sur les améliorations évoquées. Merci de votre compréhension.",2
2749,2746,"Votre avis est important pour nous aider à progresser. Merci d'avoir pris le temps de nous écrire.",2
2750,2749,"Nous travaillons déjà sur les améliorations évoquées. Merci de votre compréhension.",2
2751,0,"Bon séjour dans l'ensemble, mais quelques points à améliorer.",2
2752,2751,"Merci pour votre retour, nous sommes attentifs à vos suggestions pour améliorer nos services.",2
2753,2752,"Nous espérons vous offrir une meilleure expérience lors de votre prochaine visite.",2
2754,2751,"Votre avis est important pour nous aider à progresser. Merci d'avoir pris le temps de nous écrire.",2
2755,2754,"Nous travaillons déjà sur les améliorations évoquées. Merci de votre compréhension.",2
2756,0,"Plutôt satisfait, mais il y a de la marge pour rendre l'expérience plus mémorable.",2
2757,2756,"Merci pour votre retour, nous sommes attentifs à vos suggestions pour améliorer nos services.",2
2758,2757,"Nous espérons vous offrir une meilleure expérience lors de votre prochaine visite.",2
2759,2756,"Votre avis est important pour nous aider à progresser. Merci d'avoir pris le temps de nous écrire.",2
2760,2759,"Nous espérons vous offrir une meilleure expérience lors de votre prochaine visite.",2
2761,0,"Plutôt satisfait, mais il y a de la marge pour rendre l'expérience plus mémorable.",2
2762,2761,"Merci pour votre retour, nous sommes attentifs à vos suggestions pour améliorer nos services.",2
2763,2762,"Nous espérons vous offrir une meilleure expérience lors de votre prochaine visite.",2
2764,2761,"Votre avis est important pour nous aider à progresser. Merci d'avoir pris le temps de nous écrire.",2
2765,2764,"Nous travaillons déjà sur les améliorations évoquées. Merci de votre compréhension.",2
2766,0,"Plutôt satisfait, mais il y a de la marge pour rendre l'expérience plus mémorable.",2
2767,2766,"Votre avis est important pour nous aider à progresser. Merci d'avoir pris le temps de nous écrire.",2
2768,2767,"Nous espérons vous offrir une meilleure expérience lors de votre prochaine visite.",2
2769,2766,"Votre avis est important pour nous aider à progresser. Merci d'avoir pris le temps de nous écrire.",2
2770,2769,"Nous travaillons déjà sur les améliorations évoquées. Merci de votre compréhension.",2
2771,0,"Correct, mais je m'attendais à un peu mieux vu les avis.",2
2772,2771,"Votre avis est important pour nous aider à progresser. Merci d'avoir pris le temps de nous écrire.",2
2773,2772,"Nous espérons vous offrir une meilleure expérience lors de votre prochaine visite.",2
2774,2771,"Votre avis est important pour nous aider à progresser. Merci d'avoir pris le temps de nous écrire.",2
2775,2774,"Nous travaillons déjà sur les améliorations évoquées. Merci de votre compréhension.",2
2776,0,"Bon séjour dans l'ensemble, mais quelques points à améliorer.",2
2777,2776,"Merci pour votre retour, nous sommes attentifs à vos suggestions pour améliorer nos services.",2
2778,2777,"Nous travaillons déjà sur les améliorations évoquées. Merci de votre compréhension.",2
2779,2776,"Votre avis est important pour nous aider à progresser. Merci d'avoir pris le temps de nous écrire.",2
2780,2779,"Nous espérons vous offrir une meilleure expérience lors de votre prochaine visite.",2
2781,0,"Plutôt satisfait, mais il y a de la marge pour rendre l'expérience plus mémorable.",2
2782,2781,"Merci pour votre retour, nous sommes attentifs à vos suggestions pour améliorer nos services.",2
2783,2782,"Nous travaillons déjà sur les améliorations évoquées. Merci de votre compréhension.",2
2784,2781,"Votre avis est important pour nous aider à progresser. Merci d'avoir pris le temps de nous écrire.",2
2785,2784,"Nous travaillons déjà sur les améliorations évoquées. Merci de votre compréhension.",2
2786,0,"Plutôt satisfait, mais il y a de la marge pour rendre l'expérience plus mémorable.",2
2787,2786,"Merci pour votre retour, nous sommes attentifs à vos suggestions pour améliorer nos services.",2
2788,2787,"Nous espérons vous offrir une meilleure expérience lors de votre prochaine visite.",2
2789,2786,"Votre avis est important pour nous aider à progresser. Merci d'avoir pris le temps de nous écrire.",2
2790,2789,"Nous espérons vous offrir une meilleure expérience lors de votre prochaine visite.",2
2791,0,"Plutôt satisfait, mais il y a de la marge pour rendre l'expérience plus mémorable.",2
2792,2791,"Votre avis est important pour nous aider à progresser. Merci d'avoir pris le temps de nous écrire.",2
2793,2792,"Nous travaillons déjà sur les améliorations évoquées. Merci de votre compréhension.",2
2794,2791,"Merci pour votre retour, nous sommes attentifs à vos suggestions pour améliorer nos services.",2
2795,2794,"Nous travaillons déjà sur les améliorations évoquées. Merci de votre compréhension.",2
2796,0,"Correct, mais je m'attendais à un peu mieux vu les avis.",2
2797,2796,"Votre avis est important pour nous aider à progresser. Merci d'avoir pris le temps de nous écrire.",2
2798,2797,"Nous travaillons déjà sur les améliorations évoquées. Merci de votre compréhension.",2
2799,2796,"Merci pour votre retour, nous sommes attentifs à vos suggestions pour améliorer nos services.",2
2800,2799,"Nous espérons vous offrir une meilleure expérience lors de votre prochaine visite.",2
2801,0,"Plutôt satisfait, mais il y a de la marge pour rendre l'expérience plus mémorable.",2
2802,2801,"Votre avis est important pour nous aider à progresser. Merci d'avoir pris le temps de nous écrire.",2
2803,2802,"Nous espérons vous offrir une meilleure expérience lors de votre prochaine visite.",2
2804,2801,"Merci pour votre retour, nous sommes attentifs à vos suggestions pour améliorer nos services.",2
2805,2804,"Nous travaillons déjà sur les améliorations évoquées. Merci de votre compréhension.",2
2806,0,"Plutôt satisfait, mais il y a de la marge pour rendre l'expérience plus mémorable.",2
2807,2806,"Merci pour votre retour, nous sommes attentifs à vos suggestions pour améliorer nos services.",2
2808,2807,"Nous espérons vous offrir une meilleure expérience lors de votre prochaine visite.",2
2809,2806,"Merci pour votre retour, nous sommes attentifs à vos suggestions pour améliorer nos services.",2
2810,2809,"Nous travaillons déjà sur les améliorations évoquées. Merci de votre compréhension.",2
2811,0,"Correct, mais je m'attendais à un peu mieux vu les avis.",2
2812,2811,"Merci pour votre retour, nous sommes attentifs à vos suggestions pour améliorer nos services.",2
2813,2812,"Nous travaillons déjà sur les améliorations évoquées. Merci de votre compréhension.",2
2814,2811,"Merci pour votre retour, nous sommes attentifs à vos suggestions pour améliorer nos services.",2
2815,2814,"Nous travaillons déjà sur les améliorations évoquées. Merci de votre compréhension.",2
2816,0,"Bon séjour dans l'ensemble, mais quelques points à améliorer.",2
2817,2816,"Merci pour votre retour, nous sommes attentifs à vos suggestions pour améliorer nos services.",2
2818,2817,"Nous espérons vous offrir une meilleure expérience lors de votre prochaine visite.",2
2819,2816,"Merci pour votre retour, nous sommes attentifs à vos suggestions pour améliorer nos services.",2
2820,2819,"Nous espérons vous offrir une meilleure expérience lors de votre prochaine visite.",2
2821,0,"Plutôt satisfait, mais il y a de la marge pour rendre l'expérience plus mémorable.",2
2822,2821,"Votre avis est important pour nous aider à progresser. Merci d'avoir pris le temps de nous écrire.",2
2823,2822,"Nous travaillons déjà sur les améliorations évoquées. Merci de votre compréhension.",2
2824,2821,"Votre avis est important pour nous aider à progresser. Merci d'avoir pris le temps de nous écrire.",2
2825,2824,"Nous espérons vous offrir une meilleure expérience lors de votre prochaine visite.",2
2826,0,"Correct, mais je m'attendais à un peu mieux vu les avis.",2
2827,2826,"Merci pour votre retour, nous sommes attentifs à vos suggestions pour améliorer nos services.",2
2828,2827,"Nous travaillons déjà sur les améliorations évoquées. Merci de votre compréhension.",2
2829,2826,"Merci pour votre retour, nous sommes attentifs à vos suggestions pour améliorer nos services.",2
2830,2829,"Nous travaillons déjà sur les améliorations évoquées. Merci de votre compréhension.",2
2831,0,"Bon séjour dans l'ensemble, mais quelques points à améliorer.",2
2832,2831,"Merci pour votre retour, nous sommes attentifs à vos suggestions pour améliorer nos services.",2
2833,2832,"Nous espérons vous offrir une meilleure expérience lors de votre prochaine visite.",2
2834,2831,"Votre avis est important pour nous aider à progresser. Merci d'avoir pris le temps de nous écrire.",2
2835,2834,"Nous espérons vous offrir une meilleure expérience lors de votre prochaine visite.",2
2836,0,"Bon séjour dans l'ensemble, mais quelques points à améliorer.",2
2837,2836,"Votre avis est important pour nous aider à progresser. Merci d'avoir pris le temps de nous écrire.",2
2838,2837,"Nous travaillons déjà sur les améliorations évoquées. Merci de votre compréhension.",2
2839,2836,"Votre avis est important pour nous aider à progresser. Merci d'avoir pris le temps de nous écrire.",2
2840,2839,"Nous espérons vous offrir une meilleure expérience lors de votre prochaine visite.",2
2841,0,"Bon séjour dans l'ensemble, mais quelques points à améliorer.",2
2842,2841,"Votre avis est important pour nous aider à progresser. Merci d'avoir pris le temps de nous écrire.",2
2843,2842,"Nous espérons vous offrir une meilleure expérience lors de votre prochaine visite.",2
2844,2841,"Merci pour votre retour, nous sommes attentifs à vos suggestions pour améliorer nos services.",2
2845,2844,"Nous espérons vous offrir une meilleure expérience lors de votre prochaine visite.",2
2846,0,"Plutôt satisfait, mais il y a de la marge pour rendre l'expérience plus mémorable.",2
2847,2846,"Merci pour votre retour, nous sommes attentifs à vos suggestions pour améliorer nos services.",2
2848,2847,"Nous travaillons déjà sur les améliorations évoquées. Merci de votre compréhension.",2
2849,2846,"Votre avis est important pour nous aider à progresser. Merci d'avoir pris le temps de nous écrire.",2
2850,2849,"Nous travaillons déjà sur les améliorations évoquées. Merci de votre compréhension.",2
2851,0,"Correct, mais je m'attendais à un peu mieux vu les avis.",2
2852,2851,"Merci pour votre retour, nous sommes attentifs à vos suggestions pour améliorer nos services.",2
2853,2852,"Nous espérons vous offrir une meilleure expérience lors de votre prochaine visite.",2
2854,2851,"Votre avis est important pour nous aider à progresser. Merci d'avoir pris le temps de nous écrire.",2
2855,2854,"Nous espérons vous offrir une meilleure expérience lors de votre prochaine visite.",2
2856,0,"Plutôt satisfait, mais il y a de la marge pour rendre l'expérience plus mémorable.",2
2857,2856,"Votre avis est important pour nous aider à progresser. Merci d'avoir pris le temps de nous écrire.",2
2858,2857,"Nous travaillons déjà sur les améliorations évoquées. Merci de votre compréhension.",2
2859,2856,"Votre avis est important pour nous aider à progresser. Merci d'avoir pris le temps de nous écrire.",2
2860,2859,"Nous espérons vous offrir une meilleure expérience lors de votre prochaine visite.",2
2861,0,"Bon séjour dans l'ensemble, mais quelques points à améliorer.",2
2862,2861,"Merci pour votre retour, nous sommes attentifs à vos suggestions pour améliorer nos services.",2
2863,2862,"Nous travaillons déjà sur les améliorations évoquées. Merci de votre compréhension.",2
2864,2861,"Votre avis est important pour nous aider à progresser. Merci d'avoir pris le temps de nous écrire.",2
2865,2864,"Nous travaillons déjà sur les améliorations évoquées. Merci de votre compréhension.",2
2866,0,"Bon séjour dans l'ensemble, mais quelques points à améliorer.",2
2867,2866,"Votre avis est important pour nous aider à progresser. Merci d'avoir pris le temps de nous écrire.",2
2868,2867,"Nous travaillons déjà sur les améliorations évoquées. Merci de votre compréhension.",2
2869,2866,"Votre avis est important pour nous aider à progresser. Merci d'avoir pris le temps de nous écrire.",2
2870,2869,"Nous travaillons déjà sur les améliorations évoquées. Merci de votre compréhension.",2
2871,0,"Bon séjour dans l'ensemble, mais quelques points à améliorer.",2
2872,2871,"Merci pour votre retour, nous sommes attentifs à vos suggestions pour améliorer nos services.",2
2873,2872,"Nous travaillons déjà sur les améliorations évoquées. Merci de votre compréhension.",2
2874,2871,"Merci pour votre retour, nous sommes attentifs à vos suggestions pour améliorer nos services.",2
2875,2874,"Nous espérons vous offrir une meilleure expérience lors de votre prochaine visite.",2
2876,0,"Correct, mais je m'attendais à un peu mieux vu les avis.",2
2877,2876,"Votre avis est important pour nous aider à progresser. Merci d'avoir pris le temps de nous écrire.",2
2878,2877,"Nous espérons vous offrir une meilleure expérience lors de votre prochaine visite.",2
2879,2876,"Votre avis est important pour nous aider à progresser. Merci d'avoir pris le temps de nous écrire.",2
2880,2879,"Nous espérons vous offrir une meilleure expérience lors de votre prochaine visite.",2
2881,0,"Correct, mais je m'attendais à un peu mieux vu les avis.",2
2882,2881,"Votre avis est important pour nous aider à progresser. Merci d'avoir pris le temps de nous écrire.",2
2883,2882,"Nous travaillons déjà sur les améliorations évoquées. Merci de votre compréhension.",2
2884,2881,"Votre avis est important pour nous aider à progresser. Merci d'avoir pris le temps de nous écrire.",2
2885,2884,"Nous travaillons déjà sur les améliorations évoquées. Merci de votre compréhension.",2
2886,0,"Plutôt satisfait, mais il y a de la marge pour rendre l'expérience plus mémorable.",2
2887,2886,"Merci pour votre retour, nous sommes attentifs à vos suggestions pour améliorer nos services.",2
2888,2887,"Nous travaillons déjà sur les améliorations évoquées. Merci de votre compréhension.",2
2889,2886,"Merci pour votre retour, nous sommes attentifs à vos suggestions pour améliorer nos services.",2
2890,2889,"Nous espérons vous offrir une meilleure expérience lors de votre prochaine visite.",2
2891,0,"Plutôt satisfait, mais il y a de la marge pour rendre l'expérience plus mémorable.",2
2892,2891,"Votre avis est important pour nous aider à progresser. Merci d'avoir pris le temps de nous écrire.",2
2893,2892,"Nous espérons vous offrir une meilleure expérience lors de votre prochaine visite.",2
2894,2891,"Merci pour votre retour, nous sommes attentifs à vos suggestions pour améliorer nos services.",2
2895,2894,"Nous espérons vous offrir une meilleure expérience lors de votre prochaine visite.",2
2896,0,"Plutôt satisfait, mais il y a de la marge pour rendre l'expérience plus mémorable.",2
2897,2896,"Votre avis est important pour nous aider à progresser. Merci d'avoir pris le temps de nous écrire.",2
2898,2897,"Nous travaillons déjà sur les améliorations évoquées. Merci de votre compréhension.",2
2899,2896,"Merci pour votre retour, nous sommes attentifs à vos suggestions pour améliorer nos services.",2
2900,2899,"Nous travaillons déjà sur les améliorations évoquées. Merci de votre compréhension.",2
2901,0,"Plutôt satisfait, mais il y a de la marge pour rendre l'expérience plus mémorable.",2
2902,2901,"Merci pour votre retour, nous sommes attentifs à vos suggestions pour améliorer nos services.",2
2903,2902,"Nous espérons vous offrir une meilleure expérience lors de votre prochaine visite.",2
2904,2901,"Votre avis est important pour nous aider à progresser. Merci d'avoir pris le temps de nous écrire.",2
2905,2904,"Nous travaillons déjà sur les améliorations évoquées. Merci de votre compréhension.",2
2906,0,"Bon séjour dans l'ensemble, mais quelques points à améliorer.",2
2907,2906,"Votre avis est important pour nous aider à progresser. Merci d'avoir pris le temps de nous écrire.",2
2908,2907,"Nous travaillons déjà sur les améliorations évoquées. Merci de votre compréhension.",2
2909,2906,"Merci pour votre retour, nous sommes attentifs à vos suggestions pour améliorer nos services.",2
2910,2909,"Nous espérons vous offrir une meilleure expérience lors de votre prochaine visite.",2
2911,0,"Plutôt satisfait, mais il y a de la marge pour rendre l'expérience plus mémorable.",2
2912,2911,"Merci pour votre retour, nous sommes attentifs à vos suggestions pour améliorer nos services.",2
2913,2912,"Nous travaillons déjà sur les améliorations évoquées. Merci de votre compréhension.",2
2914,2911,"Votre avis est important pour nous aider à progresser. Merci d'avoir pris le temps de nous écrire.",2
2915,2914,"Nous espérons vous offrir une meilleure expérience lors de votre prochaine visite.",2
2916,0,"Bon séjour dans l'ensemble, mais quelques points à améliorer.",2
2917,2916,"Votre avis est important pour nous aider à progresser. Merci d'avoir pris le temps de nous écrire.",2
2918,2917,"Nous travaillons déjà sur les améliorations évoquées. Merci de votre compréhension.",2
2919,2916,"Merci pour votre retour, nous sommes attentifs à vos suggestions pour améliorer nos services.",2
2920,2919,"Nous espérons vous offrir une meilleure expérience lors de votre prochaine visite.",2
2921,0,"Correct, mais je m'attendais à un peu mieux vu les avis.",2
2922,2921,"Merci pour votre retour, nous sommes attentifs à vos suggestions pour améliorer nos services.",2
2923,2922,"Nous espérons vous offrir une meilleure expérience lors de votre prochaine visite.",2
2924,2921,"Votre avis est important pour nous aider à progresser. Merci d'avoir pris le temps de nous écrire.",2
2925,2924,"Nous espérons vous offrir une meilleure expérience lors de votre prochaine visite.",2
2926,0,"Plutôt satisfait, mais il y a de la marge pour rendre l'expérience plus mémorable.",2
2927,2926,"Votre avis est important pour nous aider à progresser. Merci d'avoir pris le temps de nous écrire.",2
2928,2927,"Nous espérons vous offrir une meilleure expérience lors de votre prochaine visite.",2
2929,2926,"Votre avis est important pour nous aider à progresser. Merci d'avoir pris le temps de nous écrire.",2
2930,2929,"Nous espérons vous offrir une meilleure expérience lors de votre prochaine visite.",2
2931,0,"Correct, mais je m'attendais à un peu mieux vu les avis.",2
2932,2931,"Merci pour votre retour, nous sommes attentifs à vos suggestions pour améliorer nos services.",2
2933,2932,"Nous travaillons déjà sur les améliorations évoquées. Merci de votre compréhension.",2
2934,2931,"Votre avis est important pour nous aider à progresser. Merci d'avoir pris le temps de nous écrire.",2
2935,2934,"Nous travaillons déjà sur les améliorations évoquées. Merci de votre compréhension.",2
2936,0,"Bon séjour dans l'ensemble, mais quelques points à améliorer.",2
2937,2936,"Merci pour votre retour, nous sommes attentifs à vos suggestions pour améliorer nos services.",2
2938,2937,"Nous travaillons déjà sur les améliorations évoquées. Merci de votre compréhension.",2
2939,2936,"Votre avis est important pour nous aider à progresser. Merci d'avoir pris le temps de nous écrire.",2
2940,2939,"Nous espérons vous offrir une meilleure expérience lors de votre prochaine visite.",2
2941,0,"Plutôt satisfait, mais il y a de la marge pour rendre l'expérience plus mémorable.",2
2942,2941,"Merci pour votre retour, nous sommes attentifs à vos suggestions pour améliorer nos services.",2
2943,2942,"Nous espérons vous offrir une meilleure expérience lors de votre prochaine visite.",2
2944,2941,"Merci pour votre retour, nous sommes attentifs à vos suggestions pour améliorer nos services.",2
2945,2944,"Nous travaillons déjà sur les améliorations évoquées. Merci de votre compréhension.",2
2946,0,"Correct, mais je m'attendais à un peu mieux vu les avis.",2
2947,2946,"Votre avis est important pour nous aider à progresser. Merci d'avoir pris le temps de nous écrire.",2
2948,2947,"Nous espérons vous offrir une meilleure expérience lors de votre prochaine visite.",2
2949,2946,"Merci pour votre retour, nous sommes attentifs à vos suggestions pour améliorer nos services.",2
2950,2949,"Nous espérons vous offrir une meilleure expérience lors de votre prochaine visite.",2
2951,0,"Bon séjour dans l'ensemble, mais quelques points à améliorer.",2
2952,2951,"Merci pour votre retour, nous sommes attentifs à vos suggestions pour améliorer nos services.",2
2953,2952,"Nous espérons vous offrir une meilleure expérience lors de votre prochaine visite.",2
2954,2951,"Merci pour votre retour, nous sommes attentifs à vos suggestions pour améliorer nos services.",2
2955,2954,"Nous travaillons déjà sur les améliorations évoquées. Merci de votre compréhension.",2
2956,0,"Correct, mais je m'attendais à un peu mieux vu les avis.",2
2957,2956,"Merci pour votre retour, nous sommes attentifs à vos suggestions pour améliorer nos services.",2
2958,2957,"Nous travaillons déjà sur les améliorations évoquées. Merci de votre compréhension.",2
2959,2956,"Merci pour votre retour, nous sommes attentifs à vos suggestions pour améliorer nos services.",2
2960,2959,"Nous travaillons déjà sur les améliorations évoquées. Merci de votre compréhension.",2
2961,0,"Bon séjour dans l'ensemble, mais quelques points à améliorer.",2
2962,2961,"Merci pour votre retour, nous sommes attentifs à vos suggestions pour améliorer nos services.",2
2963,2962,"Nous espérons vous offrir une meilleure expérience lors de votre prochaine visite.",2
2964,2961,"Votre avis est important pour nous aider à progresser. Merci d'avoir pris le temps de nous écrire.",2
2965,2964,"Nous espérons vous offrir une meilleure expérience lors de votre prochaine visite.",2
2966,0,"Correct, mais je m'attendais à un peu mieux vu les avis.",2
2967,2966,"Votre avis est important pour nous aider à progresser. Merci d'avoir pris le temps de nous écrire.",2
2968,2967,"Nous espérons vous offrir une meilleure expérience lors de votre prochaine visite.",2
2969,2966,"Merci pour votre retour, nous sommes attentifs à vos suggestions pour améliorer nos services.",2
2970,2969,"Nous travaillons déjà sur les améliorations évoquées. Merci de votre compréhension.",2
2971,0,"Plutôt satisfait, mais il y a de la marge pour rendre l'expérience plus mémorable.",2
2972,2971,"Votre avis est important pour nous aider à progresser. Merci d'avoir pris le temps de nous écrire.",2
2973,2972,"Nous travaillons déjà sur les améliorations évoquées. Merci de votre compréhension.",2
2974,2971,"Merci pour votre retour, nous sommes attentifs à vos suggestions pour améliorer nos services.",2
2975,2974,"Nous travaillons déjà sur les améliorations évoquées. Merci de votre compréhension.",2
2976,0,"Correct, mais je m'attendais à un peu mieux vu les avis.",2
2977,2976,"Votre avis est important pour nous aider à progresser. Merci d'avoir pris le temps de nous écrire.",2
2978,2977,"Nous travaillons déjà sur les améliorations évoquées. Merci de votre compréhension.",2
2979,2976,"Votre avis est important pour nous aider à progresser. Merci d'avoir pris le temps de nous écrire.",2
2980,2979,"Nous espérons vous offrir une meilleure expérience lors de votre prochaine visite.",2
2981,0,"Plutôt satisfait, mais il y a de la marge pour rendre l'expérience plus mémorable.",2
2982,2981,"Votre avis est important pour nous aider à progresser. Merci d'avoir pris le temps de nous écrire.",2
2983,2982,"Nous espérons vous offrir une meilleure expérience lors de votre prochaine visite.",2
2984,2981,"Merci pour votre retour, nous sommes attentifs à vos suggestions pour améliorer nos services.",2
2985,2984,"Nous espérons vous offrir une meilleure expérience lors de votre prochaine visite.",2
2986,0,"Bon séjour dans l'ensemble, mais quelques points à améliorer.",2
2987,2986,"Merci pour votre retour, nous sommes attentifs à vos suggestions pour améliorer nos services.",2
2988,2987,"Nous travaillons déjà sur les améliorations évoquées. Merci de votre compréhension.",2
2989,2986,"Votre avis est important pour nous aider à progresser. Merci d'avoir pris le temps de nous écrire.",2
2990,2989,"Nous travaillons déjà sur les améliorations évoquées. Merci de votre compréhension.",2
2991,0,"Correct, mais je m'attendais à un peu mieux vu les avis.",2
2992,2991,"Votre avis est important pour nous aider à progresser. Merci d'avoir pris le temps de nous écrire.",2
2993,2992,"Nous espérons vous offrir une meilleure expérience lors de votre prochaine visite.",2
2994,2991,"Merci pour votre retour, nous sommes attentifs à vos suggestions pour améliorer nos services.",2
2995,2994,"Nous travaillons déjà sur les améliorations évoquées. Merci de votre compréhension.",2
2996,0,"Plutôt satisfait, mais il y a de la marge pour rendre l'expérience plus mémorable.",2
2997,2996,"Votre avis est important pour nous aider à progresser. Merci d'avoir pris le temps de nous écrire.",2
2998,2997,"Nous travaillons déjà sur les améliorations évoquées. Merci de votre compréhension.",2
2999,2996,"Merci pour votre retour, nous sommes attentifs à vos suggestions pour améliorer nos services.",2
3000,2999,"Nous travaillons déjà sur les améliorations évoquées. Merci de votre compréhension.",2
3001,0,"Plutôt satisfait, mais il y a de la marge pour rendre l'expérience plus mémorable.",2
3002,3001,"Votre avis est important pour nous aider à progresser. Merci d'avoir pris le temps de nous écrire.",2
3003,3002,"Nous espérons vous offrir une meilleure expérience lors de votre prochaine visite.",2
3004,3001,"Votre avis est important pour nous aider à progresser. Merci d'avoir pris le temps de nous écrire.",2
3005,3004,"Nous espérons vous offrir une meilleure expérience lors de votre prochaine visite.",2
3006,0,"Plutôt satisfait, mais il y a de la marge pour rendre l'expérience plus mémorable.",2
3007,3006,"Votre avis est important pour nous aider à progresser. Merci d'avoir pris le temps de nous écrire.",2
3008,3007,"Nous travaillons déjà sur les améliorations évoquées. Merci de votre compréhension.",2
3009,3006,"Merci pour votre retour, nous sommes attentifs à vos suggestions pour améliorer nos services.",2
3010,3009,"Nous espérons vous offrir une meilleure expérience lors de votre prochaine visite.",2
3011,0,"Correct, mais je m'attendais à un peu mieux vu les avis.",2
3012,3011,"Merci pour votre retour, nous sommes attentifs à vos suggestions pour améliorer nos services.",2
3013,3012,"Nous travaillons déjà sur les améliorations évoquées. Merci de votre compréhension.",2
3014,3011,"Merci pour votre retour, nous sommes attentifs à vos suggestions pour améliorer nos services.",2
3015,3014,"Nous espérons vous offrir une meilleure expérience lors de votre prochaine visite.",2
3016,0,"Correct, mais je m'attendais à un peu mieux vu les avis.",2
3017,3016,"Votre avis est important pour nous aider à progresser. Merci d'avoir pris le temps de nous écrire.",2
3018,3017,"Nous espérons vous offrir une meilleure expérience lors de votre prochaine visite.",2
3019,3016,"Votre avis est important pour nous aider à progresser. Merci d'avoir pris le temps de nous écrire.",2
3020,3019,"Nous travaillons déjà sur les améliorations évoquées. Merci de votre compréhension.",2
3021,0,"Plutôt satisfait, mais il y a de la marge pour rendre l'expérience plus mémorable.",2
3022,3021,"Votre avis est important pour nous aider à progresser. Merci d'avoir pris le temps de nous écrire.",2
3023,3022,"Nous espérons vous offrir une meilleure expérience lors de votre prochaine visite.",2
3024,3021,"Votre avis est important pour nous aider à progresser. Merci d'avoir pris le temps de nous écrire.",2
3025,3024,"Nous espérons vous offrir une meilleure expérience lors de votre prochaine visite.",2
3026,0,"Correct, mais je m'attendais à un peu mieux vu les avis.",2
3027,3026,"Votre avis est important pour nous aider à progresser. Merci d'avoir pris le temps de nous écrire.",2
3028,3027,"Nous travaillons déjà sur les améliorations évoquées. Merci de votre compréhension.",2
3029,3026,"Merci pour votre retour, nous sommes attentifs à vos suggestions pour améliorer nos services.",2
3030,3029,"Nous travaillons déjà sur les améliorations évoquées. Merci de votre compréhension.",2
3031,0,"Correct, mais je m'attendais à un peu mieux vu les avis.",2
3032,3031,"Merci pour votre retour, nous sommes attentifs à vos suggestions pour améliorer nos services.",2
3033,3032,"Nous espérons vous offrir une meilleure expérience lors de votre prochaine visite.",2
3034,3031,"Votre avis est important pour nous aider à progresser. Merci d'avoir pris le temps de nous écrire.",2
3035,3034,"Nous travaillons déjà sur les améliorations évoquées. Merci de votre compréhension.",2
3036,0,"Correct, mais je m'attendais à un peu mieux vu les avis.",2
3037,3036,"Merci pour votre retour, nous sommes attentifs à vos suggestions pour améliorer nos services.",2
3038,3037,"Nous espérons vous offrir une meilleure expérience lors de votre prochaine visite.",2
3039,3036,"Merci pour votre retour, nous sommes attentifs à vos suggestions pour améliorer nos services.",2
3040,3039,"Nous travaillons déjà sur les améliorations évoquées. Merci de votre compréhension.",2
3041,0,"Bon séjour dans l'ensemble, mais quelques points à améliorer.",2
3042,3041,"Merci pour votre retour, nous sommes attentifs à vos suggestions pour améliorer nos services.",2
3043,3042,"Nous travaillons déjà sur les améliorations évoquées. Merci de votre compréhension.",2
3044,3041,"Votre avis est important pour nous aider à progresser. Merci d'avoir pris le temps de nous écrire.",2
3045,3044,"Nous espérons vous offrir une meilleure expérience lors de votre prochaine visite.",2
3046,0,"Plutôt satisfait, mais il y a de la marge pour rendre l'expérience plus mémorable.",2
3047,3046,"Merci pour votre retour, nous sommes attentifs à vos suggestions pour améliorer nos services.",2
3048,3047,"Nous espérons vous offrir une meilleure expérience lors de votre prochaine visite.",2
3049,3046,"Merci pour votre retour, nous sommes attentifs à vos suggestions pour améliorer nos services.",2
3050,3049,"Nous travaillons déjà sur les améliorations évoquées. Merci de votre compréhension.",2
3051,0,"Bon séjour dans l'ensemble, mais quelques points à améliorer.",2
3052,3051,"Votre avis est important pour nous aider à progresser. Merci d'avoir pris le temps de nous écrire.",2
3053,3052,"Nous travaillons déjà sur les améliorations évoquées. Merci de votre compréhension.",2
3054,3051,"Votre avis est important pour nous aider à progresser. Merci d'avoir pris le temps de nous écrire.",2
3055,3054,"Nous travaillons déjà sur les améliorations évoquées. Merci de votre compréhension.",2
3056,0,"Bon séjour dans l'ensemble, mais quelques points à améliorer.",2
3057,3056,"Merci pour votre retour, nous sommes attentifs à vos suggestions pour améliorer nos services.",2
3058,3057,"Nous travaillons déjà sur les améliorations évoquées. Merci de votre compréhension.",2
3059,3056,"Merci pour votre retour, nous sommes attentifs à vos suggestions pour améliorer nos services.",2
3060,3059,"Nous travaillons déjà sur les améliorations évoquées. Merci de votre compréhension.",2
3061,0,"Plutôt satisfait, mais il y a de la marge pour rendre l'expérience plus mémorable.",2
3062,3061,"Votre avis est important pour nous aider à progresser. Merci d'avoir pris le temps de nous écrire.",2
3063,3062,"Nous travaillons déjà sur les améliorations évoquées. Merci de votre compréhension.",2
3064,3061,"Votre avis est important pour nous aider à progresser. Merci d'avoir pris le temps de nous écrire.",2
3065,3064,"Nous espérons vous offrir une meilleure expérience lors de votre prochaine visite.",2
3066,0,"Plutôt satisfait, mais il y a de la marge pour rendre l'expérience plus mémorable.",2
3067,3066,"Merci pour votre retour, nous sommes attentifs à vos suggestions pour améliorer nos services.",2
3068,3067,"Nous travaillons déjà sur les améliorations évoquées. Merci de votre compréhension.",2
3069,3066,"Votre avis est important pour nous aider à progresser. Merci d'avoir pris le temps de nous écrire.",2
3070,3069,"Nous travaillons déjà sur les améliorations évoquées. Merci de votre compréhension.",2
3071,0,"Plutôt satisfait, mais il y a de la marge pour rendre l'expérience plus mémorable.",2
3072,3071,"Votre avis est important pour nous aider à progresser. Merci d'avoir pris le temps de nous écrire.",2
3073,3072,"Nous espérons vous offrir une meilleure expérience lors de votre prochaine visite.",2
3074,3071,"Merci pour votre retour, nous sommes attentifs à vos suggestions pour améliorer nos services.",2
3075,3074,"Nous espérons vous offrir une meilleure expérience lors de votre prochaine visite.",2
3076,0,"Correct, mais je m'attendais à un peu mieux vu les avis.",2
3077,3076,"Votre avis est important pour nous aider à progresser. Merci d'avoir pris le temps de nous écrire.",2
3078,3077,"Nous espérons vous offrir une meilleure expérience lors de votre prochaine visite.",2
3079,3076,"Votre avis est important pour nous aider à progresser. Merci d'avoir pris le temps de nous écrire.",2
3080,3079,"Nous travaillons déjà sur les améliorations évoquées. Merci de votre compréhension.",2
3081,0,"Bon séjour dans l'ensemble, mais quelques points à améliorer.",2
3082,3081,"Merci pour votre retour, nous sommes attentifs à vos suggestions pour améliorer nos services.",2
3083,3082,"Nous espérons vous offrir une meilleure expérience lors de votre prochaine visite.",2
3084,3081,"Merci pour votre retour, nous sommes attentifs à vos suggestions pour améliorer nos services.",2
3085,3084,"Nous travaillons déjà sur les améliorations évoquées. Merci de votre compréhension.",2
3086,0,"Correct, mais je m'attendais à un peu mieux vu les avis.",2
3087,3086,"Votre avis est important pour nous aider à progresser. Merci d'avoir pris le temps de nous écrire.",2
3088,3087,"Nous travaillons déjà sur les améliorations évoquées. Merci de votre compréhension.",2
3089,3086,"Votre avis est important pour nous aider à progresser. Merci d'avoir pris le temps de nous écrire.",2
3090,3089,"Nous travaillons déjà sur les améliorations évoquées. Merci de votre compréhension.",2
3091,0,"Bon séjour dans l'ensemble, mais quelques points à améliorer.",2
3092,3091,"Merci pour votre retour, nous sommes attentifs à vos suggestions pour améliorer nos services.",2
3093,3092,"Nous espérons vous offrir une meilleure expérience lors de votre prochaine visite.",2
3094,3091,"Merci pour votre retour, nous sommes attentifs à vos suggestions pour améliorer nos services.",2
3095,3094,"Nous espérons vous offrir une meilleure expérience lors de votre prochaine visite.",2
3096,0,"Plutôt satisfait, mais il y a de la marge pour rendre l'expérience plus mémorable.",2
3097,3096,"Votre avis est important pour nous aider à progresser. Merci d'avoir pris le temps de nous écrire.",2
3098,3097,"Nous espérons vous offrir une meilleure expérience lors de votre prochaine visite.",2
3099,3096,"Merci pour votre retour, nous sommes attentifs à vos suggestions pour améliorer nos services.",2
3100,3099,"Nous espérons vous offrir une meilleure expérience lors de votre prochaine visite.",2
3101,0,"Plutôt satisfait, mais il y a de la marge pour rendre l'expérience plus mémorable.",2
3102,3101,"Votre avis est important pour nous aider à progresser. Merci d'avoir pris le temps de nous écrire.",2
3103,3102,"Nous espérons vous offrir une meilleure expérience lors de votre prochaine visite.",2
3104,3101,"Votre avis est important pour nous aider à progresser. Merci d'avoir pris le temps de nous écrire.",2
3105,3104,"Nous espérons vous offrir une meilleure expérience lors de votre prochaine visite.",2
3106,0,"Correct, mais je m'attendais à un peu mieux vu les avis.",2
3107,3106,"Merci pour votre retour, nous sommes attentifs à vos suggestions pour améliorer nos services.",2
3108,3107,"Nous travaillons déjà sur les améliorations évoquées. Merci de votre compréhension.",2
3109,3106,"Votre avis est important pour nous aider à progresser. Merci d'avoir pris le temps de nous écrire.",2
3110,3109,"Nous travaillons déjà sur les améliorations évoquées. Merci de votre compréhension.",2
3111,0,"Plutôt satisfait, mais il y a de la marge pour rendre l'expérience plus mémorable.",2
3112,3111,"Votre avis est important pour nous aider à progresser. Merci d'avoir pris le temps de nous écrire.",2
3113,3112,"Nous espérons vous offrir une meilleure expérience lors de votre prochaine visite.",2
3114,3111,"Votre avis est important pour nous aider à progresser. Merci d'avoir pris le temps de nous écrire.",2
3115,3114,"Nous espérons vous offrir une meilleure expérience lors de votre prochaine visite.",2
3116,0,"Correct, mais je m'attendais à un peu mieux vu les avis.",2
3117,3116,"Merci pour votre retour, nous sommes attentifs à vos suggestions pour améliorer nos services.",2
3118,3117,"Nous espérons vous offrir une meilleure expérience lors de votre prochaine visite.",2
3119,3116,"Votre avis est important pour nous aider à progresser. Merci d'avoir pris le temps de nous écrire.",2
3120,3119,"Nous travaillons déjà sur les améliorations évoquées. Merci de votre compréhension.",2
3121,0,"Correct, mais je m'attendais à un peu mieux vu les avis.",2
3122,3121,"Votre avis est important pour nous aider à progresser. Merci d'avoir pris le temps de nous écrire.",2
3123,3122,"Nous travaillons déjà sur les améliorations évoquées. Merci de votre compréhension.",2
3124,3121,"Merci pour votre retour, nous sommes attentifs à vos suggestions pour améliorer nos services.",2
3125,3124,"Nous travaillons déjà sur les améliorations évoquées. Merci de votre compréhension.",2
3126,0,"Correct, mais je m'attendais à un peu mieux vu les avis.",2
3127,3126,"Votre avis est important pour nous aider à progresser. Merci d'avoir pris le temps de nous écrire.",2
3128,3127,"Nous espérons vous offrir une meilleure expérience lors de votre prochaine visite.",2
3129,3126,"Votre avis est important pour nous aider à progresser. Merci d'avoir pris le temps de nous écrire.",2
3130,3129,"Nous travaillons déjà sur les améliorations évoquées. Merci de votre compréhension.",2
3131,0,"Plutôt satisfait, mais il y a de la marge pour rendre l'expérience plus mémorable.",2
3132,3131,"Votre avis est important pour nous aider à progresser. Merci d'avoir pris le temps de nous écrire.",2
3133,3132,"Nous espérons vous offrir une meilleure expérience lors de votre prochaine visite.",2
3134,3131,"Merci pour votre retour, nous sommes attentifs à vos suggestions pour améliorer nos services.",2
3135,3134,"Nous espérons vous offrir une meilleure expérience lors de votre prochaine visite.",2
3136,0,"Bon séjour dans l'ensemble, mais quelques points à améliorer.",2
3137,3136,"Votre avis est important pour nous aider à progresser. Merci d'avoir pris le temps de nous écrire.",2
3138,3137,"Nous travaillons déjà sur les améliorations évoquées. Merci de votre compréhension.",2
3139,3136,"Merci pour votre retour, nous sommes attentifs à vos suggestions pour améliorer nos services.",2
3140,3139,"Nous espérons vous offrir une meilleure expérience lors de votre prochaine visite.",2
3141,0,"Correct, mais je m'attendais à un peu mieux vu les avis.",2
3142,3141,"Merci pour votre retour, nous sommes attentifs à vos suggestions pour améliorer nos services.",2
3143,3142,"Nous travaillons déjà sur les améliorations évoquées. Merci de votre compréhension.",2
3144,3141,"Votre avis est important pour nous aider à progresser. Merci d'avoir pris le temps de nous écrire.",2
3145,3144,"Nous espérons vous offrir une meilleure expérience lors de votre prochaine visite.",2
3146,0,"Bon séjour dans l'ensemble, mais quelques points à améliorer.",2
3147,3146,"Votre avis est important pour nous aider à progresser. Merci d'avoir pris le temps de nous écrire.",2
3148,3147,"Nous travaillons déjà sur les améliorations évoquées. Merci de votre compréhension.",2
3149,3146,"Votre avis est important pour nous aider à progresser. Merci d'avoir pris le temps de nous écrire.",2
3150,3149,"Nous espérons vous offrir une meilleure expérience lors de votre prochaine visite.",2
3151,0,"Correct, mais je m'attendais à un peu mieux vu les avis.",2
3152,3151,"Votre avis est important pour nous aider à progresser. Merci d'avoir pris le temps de nous écrire.",2
3153,3152,"Nous espérons vous offrir une meilleure expérience lors de votre prochaine visite.",2
3154,3151,"Merci pour votre retour, nous sommes attentifs à vos suggestions pour améliorer nos services.",2
3155,3154,"Nous travaillons déjà sur les améliorations évoquées. Merci de votre compréhension.",2
3156,0,"Plutôt satisfait, mais il y a de la marge pour rendre l'expérience plus mémorable.",2
3157,3156,"Merci pour votre retour, nous sommes attentifs à vos suggestions pour améliorer nos services.",2
3158,3157,"Nous travaillons déjà sur les améliorations évoquées. Merci de votre compréhension.",2
3159,3156,"Votre avis est important pour nous aider à progresser. Merci d'avoir pris le temps de nous écrire.",2
3160,3159,"Nous espérons vous offrir une meilleure expérience lors de votre prochaine visite.",2
3161,0,"Plutôt satisfait, mais il y a de la marge pour rendre l'expérience plus mémorable.",2
3162,3161,"Merci pour votre retour, nous sommes attentifs à vos suggestions pour améliorer nos services.",2
3163,3162,"Nous travaillons déjà sur les améliorations évoquées. Merci de votre compréhension.",2
3164,3161,"Votre avis est important pour nous aider à progresser. Merci d'avoir pris le temps de nous écrire.",2
3165,3164,"Nous espérons vous offrir une meilleure expérience lors de votre prochaine visite.",2
3166,0,"Correct, mais je m'attendais à un peu mieux vu les avis.",2
3167,3166,"Votre avis est important pour nous aider à progresser. Merci d'avoir pris le temps de nous écrire.",2
3168,3167,"Nous travaillons déjà sur les améliorations évoquées. Merci de votre compréhension.",2
3169,3166,"Votre avis est important pour nous aider à progresser. Merci d'avoir pris le temps de nous écrire.",2
3170,3169,"Nous travaillons déjà sur les améliorations évoquées. Merci de votre compréhension.",2
3171,0,"Bon séjour dans l'ensemble, mais quelques points à améliorer.",2
3172,3171,"Votre avis est important pour nous aider à progresser. Merci d'avoir pris le temps de nous écrire.",2
3173,3172,"Nous travaillons déjà sur les améliorations évoquées. Merci de votre compréhension.",2
3174,3171,"Votre avis est important pour nous aider à progresser. Merci d'avoir pris le temps de nous écrire.",2
3175,3174,"Nous travaillons déjà sur les améliorations évoquées. Merci de votre compréhension.",2
3176,0,"Bon séjour dans l'ensemble, mais quelques points à améliorer.",2
3177,3176,"Votre avis est important pour nous aider à progresser. Merci d'avoir pris le temps de nous écrire.",2
3178,3177,"Nous travaillons déjà sur les améliorations évoquées. Merci de votre compréhension.",2
3179,3176,"Merci pour votre retour, nous sommes attentifs à vos suggestions pour améliorer nos services.",2
3180,3179,"Nous espérons vous offrir une meilleure expérience lors de votre prochaine visite.",2
3181,0,"Bon séjour dans l'ensemble, mais quelques points à améliorer.",2
3182,3181,"Merci pour votre retour, nous sommes attentifs à vos suggestions pour améliorer nos services.",2
3183,3182,"Nous espérons vous offrir une meilleure expérience lors de votre prochaine visite.",2
3184,3181,"Votre avis est important pour nous aider à progresser. Merci d'avoir pris le temps de nous écrire.",2
3185,3184,"Nous espérons vous offrir une meilleure expérience lors de votre prochaine visite.",2
3186,0,"Correct, mais je m'attendais à un peu mieux vu les avis.",2
3187,3186,"Votre avis est important pour nous aider à progresser. Merci d'avoir pris le temps de nous écrire.",2
3188,3187,"Nous espérons vous offrir une meilleure expérience lors de votre prochaine visite.",2
3189,3186,"Votre avis est important pour nous aider à progresser. Merci d'avoir pris le temps de nous écrire.",2
3190,3189,"Nous espérons vous offrir une meilleure expérience lors de votre prochaine visite.",2
3191,0,"Bon séjour dans l'ensemble, mais quelques points à améliorer.",2
3192,3191,"Votre avis est important pour nous aider à progresser. Merci d'avoir pris le temps de nous écrire.",2
3193,3192,"Nous espérons vous offrir une meilleure expérience lors de votre prochaine visite.",2
3194,3191,"Merci pour votre retour, nous sommes attentifs à vos suggestions pour améliorer nos services.",2
3195,3194,"Nous espérons vous offrir une meilleure expérience lors de votre prochaine visite.",2
3196,0,"Bon séjour dans l'ensemble, mais quelques points à améliorer.",2
3197,3196,"Merci pour votre retour, nous sommes attentifs à vos suggestions pour améliorer nos services.",2
3198,3197,"Nous travaillons déjà sur les améliorations évoquées. Merci de votre compréhension.",2
3199,3196,"Votre avis est important pour nous aider à progresser. Merci d'avoir pris le temps de nous écrire.",2
3200,3199,"Nous travaillons déjà sur les améliorations évoquées. Merci de votre compréhension.",2
3201,0,"Plutôt satisfait, mais il y a de la marge pour rendre l'expérience plus mémorable.",2
3202,3201,"Merci pour votre retour, nous sommes attentifs à vos suggestions pour améliorer nos services.",2
3203,3202,"Nous espérons vous offrir une meilleure expérience lors de votre prochaine visite.",2
3204,3201,"Merci pour votre retour, nous sommes attentifs à vos suggestions pour améliorer nos services.",2
3205,3204,"Nous espérons vous offrir une meilleure expérience lors de votre prochaine visite.",2
3206,0,"Correct, mais je m'attendais à un peu mieux vu les avis.",2
3207,3206,"Merci pour votre retour, nous sommes attentifs à vos suggestions pour améliorer nos services.",2
3208,3207,"Nous espérons vous offrir une meilleure expérience lors de votre prochaine visite.",2
3209,3206,"Votre avis est important pour nous aider à progresser. Merci d'avoir pris le temps de nous écrire.",2
3210,3209,"Nous travaillons déjà sur les améliorations évoquées. Merci de votre compréhension.",2
3211,0,"Bon séjour dans l'ensemble, mais quelques points à améliorer.",2
3212,3211,"Merci pour votre retour, nous sommes attentifs à vos suggestions pour améliorer nos services.",2
3213,3212,"Nous travaillons déjà sur les améliorations évoquées. Merci de votre compréhension.",2
3214,3211,"Votre avis est important pour nous aider à progresser. Merci d'avoir pris le temps de nous écrire.",2
3215,3214,"Nous espérons vous offrir une meilleure expérience lors de votre prochaine visite.",2
3216,0,"Correct, mais je m'attendais à un peu mieux vu les avis.",2
3217,3216,"Merci pour votre retour, nous sommes attentifs à vos suggestions pour améliorer nos services.",2
3218,3217,"Nous travaillons déjà sur les améliorations évoquées. Merci de votre compréhension.",2
3219,3216,"Votre avis est important pour nous aider à progresser. Merci d'avoir pris le temps de nous écrire.",2
3220,3219,"Nous travaillons déjà sur les améliorations évoquées. Merci de votre compréhension.",2
3221,0,"Plutôt satisfait, mais il y a de la marge pour rendre l'expérience plus mémorable.",2
3222,3221,"Votre avis est important pour nous aider à progresser. Merci d'avoir pris le temps de nous écrire.",2
3223,3222,"Nous travaillons déjà sur les améliorations évoquées. Merci de votre compréhension.",2
3224,3221,"Merci pour votre retour, nous sommes attentifs à vos suggestions pour améliorer nos services.",2
3225,3224,"Nous travaillons déjà sur les améliorations évoquées. Merci de votre compréhension.",2
3226,0,"Bon séjour dans l'ensemble, mais quelques points à améliorer.",2
3227,3226,"Votre avis est important pour nous aider à progresser. Merci d'avoir pris le temps de nous écrire.",2
3228,3227,"Nous espérons vous offrir une meilleure expérience lors de votre prochaine visite.",2
3229,3226,"Merci pour votre retour, nous sommes attentifs à vos suggestions pour améliorer nos services.",2
3230,3229,"Nous espérons vous offrir une meilleure expérience lors de votre prochaine visite.",2
3231,0,"Bon séjour dans l'ensemble, mais quelques points à améliorer.",2
3232,3231,"Votre avis est important pour nous aider à progresser. Merci d'avoir pris le temps de nous écrire.",2
3233,3232,"Nous travaillons déjà sur les améliorations évoquées. Merci de votre compréhension.",2
3234,3231,"Merci pour votre retour, nous sommes attentifs à vos suggestions pour améliorer nos services.",2
3235,3234,"Nous espérons vous offrir une meilleure expérience lors de votre prochaine visite.",2
3236,0,"Bon séjour dans l'ensemble, mais quelques points à améliorer.",2
3237,3236,"Merci pour votre retour, nous sommes attentifs à vos suggestions pour améliorer nos services.",2
3238,3237,"Nous travaillons déjà sur les améliorations évoquées. Merci de votre compréhension.",2
3239,3236,"Votre avis est important pour nous aider à progresser. Merci d'avoir pris le temps de nous écrire.",2
3240,3239,"Nous espérons vous offrir une meilleure expérience lors de votre prochaine visite.",2
3241,0,"Bon séjour dans l'ensemble, mais quelques points à améliorer.",2
3242,3241,"Votre avis est important pour nous aider à progresser. Merci d'avoir pris le temps de nous écrire.",2
3243,3242,"Nous travaillons déjà sur les améliorations évoquées. Merci de votre compréhension.",2
3244,3241,"Votre avis est important pour nous aider à progresser. Merci d'avoir pris le temps de nous écrire.",2
3245,3244,"Nous travaillons déjà sur les améliorations évoquées. Merci de votre compréhension.",2
3246,0,"Plutôt satisfait, mais il y a de la marge pour rendre l'expérience plus mémorable.",2
3247,3246,"Merci pour votre retour, nous sommes attentifs à vos suggestions pour améliorer nos services.",2
3248,3247,"Nous espérons vous offrir une meilleure expérience lors de votre prochaine visite.",2
3249,3246,"Merci pour votre retour, nous sommes attentifs à vos suggestions pour améliorer nos services.",2
3250,3249,"Nous espérons vous offrir une meilleure expérience lors de votre prochaine visite.",2
3251,0,"Correct, mais je m'attendais à un peu mieux vu les avis.",2
3252,3251,"Votre avis est important pour nous aider à progresser. Merci d'avoir pris le temps de nous écrire.",2
3253,3252,"Nous travaillons déjà sur les améliorations évoquées. Merci de votre compréhension.",2
3254,3251,"Merci pour votre retour, nous sommes attentifs à vos suggestions pour améliorer nos services.",2
3255,3254,"Nous travaillons déjà sur les améliorations évoquées. Merci de votre compréhension.",2
3256,0,"Correct, mais je m'attendais à un peu mieux vu les avis.",2
3257,3256,"Votre avis est important pour nous aider à progresser. Merci d'avoir pris le temps de nous écrire.",2
3258,3257,"Nous espérons vous offrir une meilleure expérience lors de votre prochaine visite.",2
3259,3256,"Merci pour votre retour, nous sommes attentifs à vos suggestions pour améliorer nos services.",2
3260,3259,"Nous espérons vous offrir une meilleure expérience lors de votre prochaine visite.",2
3261,0,"Correct, mais je m'attendais à un peu mieux vu les avis.",2
3262,3261,"Merci pour votre retour, nous sommes attentifs à vos suggestions pour améliorer nos services.",2
3263,3262,"Nous travaillons déjà sur les améliorations évoquées. Merci de votre compréhension.",2
3264,3261,"Merci pour votre retour, nous sommes attentifs à vos suggestions pour améliorer nos services.",2
3265,3264,"Nous travaillons déjà sur les améliorations évoquées. Merci de votre compréhension.",2
3266,0,"Plutôt satisfait, mais il y a de la marge pour rendre l'expérience plus mémorable.",2
3267,3266,"Merci pour votre retour, nous sommes attentifs à vos suggestions pour améliorer nos services.",2
3268,3267,"Nous travaillons déjà sur les améliorations évoquées. Merci de votre compréhension.",2
3269,3266,"Merci pour votre retour, nous sommes attentifs à vos suggestions pour améliorer nos services.",2
3270,3269,"Nous espérons vous offrir une meilleure expérience lors de votre prochaine visite.",2
3271,0,"Bon séjour dans l'ensemble, mais quelques points à améliorer.",2
3272,3271,"Votre avis est important pour nous aider à progresser. Merci d'avoir pris le temps de nous écrire.",2
3273,3272,"Nous travaillons déjà sur les améliorations évoquées. Merci de votre compréhension.",2
3274,3271,"Merci pour votre retour, nous sommes attentifs à vos suggestions pour améliorer nos services.",2
3275,3274,"Nous espérons vous offrir une meilleure expérience lors de votre prochaine visite.",2
3276,0,"Correct, mais je m'attendais à un peu mieux vu les avis.",2
3277,3276,"Merci pour votre retour, nous sommes attentifs à vos suggestions pour améliorer nos services.",2
3278,3277,"Nous travaillons déjà sur les améliorations évoquées. Merci de votre compréhension.",2
3279,3276,"Votre avis est important pour nous aider à progresser. Merci d'avoir pris le temps de nous écrire.",2
3280,3279,"Nous travaillons déjà sur les améliorations évoquées. Merci de votre compréhension.",2
3281,0,"Correct, mais je m'attendais à un peu mieux vu les avis.",2
3282,3281,"Votre avis est important pour nous aider à progresser. Merci d'avoir pris le temps de nous écrire.",2
3283,3282,"Nous espérons vous offrir une meilleure expérience lors de votre prochaine visite.",2
3284,3281,"Merci pour votre retour, nous sommes attentifs à vos suggestions pour améliorer nos services.",2
3285,3284,"Nous travaillons déjà sur les améliorations évoquées. Merci de votre compréhension.",2
3286,0,"Bon séjour dans l'ensemble, mais quelques points à améliorer.",2
3287,3286,"Merci pour votre retour, nous sommes attentifs à vos suggestions pour améliorer nos services.",2
3288,3287,"Nous espérons vous offrir une meilleure expérience lors de votre prochaine visite.",2
3289,3286,"Votre avis est important pour nous aider à progresser. Merci d'avoir pris le temps de nous écrire.",2
3290,3289,"Nous travaillons déjà sur les améliorations évoquées. Merci de votre compréhension.",2
3291,0,"Bon séjour dans l'ensemble, mais quelques points à améliorer.",2
3292,3291,"Votre avis est important pour nous aider à progresser. Merci d'avoir pris le temps de nous écrire.",2
3293,3292,"Nous espérons vous offrir une meilleure expérience lors de votre prochaine visite.",2
3294,3291,"Votre avis est important pour nous aider à progresser. Merci d'avoir pris le temps de nous écrire.",2
3295,3294,"Nous travaillons déjà sur les améliorations évoquées. Merci de votre compréhension.",2
3296,0,"Plutôt satisfait, mais il y a de la marge pour rendre l'expérience plus mémorable.",2
3297,3296,"Merci pour votre retour, nous sommes attentifs à vos suggestions pour améliorer nos services.",2
3298,3297,"Nous travaillons déjà sur les améliorations évoquées. Merci de votre compréhension.",2
3299,3296,"Votre avis est important pour nous aider à progresser. Merci d'avoir pris le temps de nous écrire.",2
3300,3299,"Nous espérons vous offrir une meilleure expérience lors de votre prochaine visite.",2
3301,0,"Plutôt satisfait, mais il y a de la marge pour rendre l'expérience plus mémorable.",2
3302,3301,"Merci pour votre retour, nous sommes attentifs à vos suggestions pour améliorer nos services.",2
3303,3302,"Nous travaillons déjà sur les améliorations évoquées. Merci de votre compréhension.",2
3304,3301,"Merci pour votre retour, nous sommes attentifs à vos suggestions pour améliorer nos services.",2
3305,3304,"Nous travaillons déjà sur les améliorations évoquées. Merci de votre compréhension.",2
3306,0,"Correct, mais je m'attendais à un peu mieux vu les avis.",2
3307,3306,"Merci pour votre retour, nous sommes attentifs à vos suggestions pour améliorer nos services.",2
3308,3307,"Nous travaillons déjà sur les améliorations évoquées. Merci de votre compréhension.",2
3309,3306,"Votre avis est important pour nous aider à progresser. Merci d'avoir pris le temps de nous écrire.",2
3310,3309,"Nous travaillons déjà sur les améliorations évoquées. Merci de votre compréhension.",2
3311,0,"Bon séjour dans l'ensemble, mais quelques points à améliorer.",2
3312,3311,"Merci pour votre retour, nous sommes attentifs à vos suggestions pour améliorer nos services.",2
3313,3312,"Nous espérons vous offrir une meilleure expérience lors de votre prochaine visite.",2
3314,3311,"Merci pour votre retour, nous sommes attentifs à vos suggestions pour améliorer nos services.",2
3315,3314,"Nous travaillons déjà sur les améliorations évoquées. Merci de votre compréhension.",2
3316,0,"Plutôt satisfait, mais il y a de la marge pour rendre l'expérience plus mémorable.",2
3317,3316,"Votre avis est important pour nous aider à progresser. Merci d'avoir pris le temps de nous écrire.",2
3318,3317,"Nous espérons vous offrir une meilleure expérience lors de votre prochaine visite.",2
3319,3316,"Merci pour votre retour, nous sommes attentifs à vos suggestions pour améliorer nos services.",2
3320,3319,"Nous travaillons déjà sur les améliorations évoquées. Merci de votre compréhension.",2
3321,0,"Correct, mais je m'attendais à un peu mieux vu les avis.",2
3322,3321,"Votre avis est important pour nous aider à progresser. Merci d'avoir pris le temps de nous écrire.",2
3323,3322,"Nous travaillons déjà sur les améliorations évoquées. Merci de votre compréhension.",2
3324,3321,"Merci pour votre retour, nous sommes attentifs à vos suggestions pour améliorer nos services.",2
3325,3324,"Nous travaillons déjà sur les améliorations évoquées. Merci de votre compréhension.",2
3326,0,"Bon séjour dans l'ensemble, mais quelques points à améliorer.",2
3327,3326,"Merci pour votre retour, nous sommes attentifs à vos suggestions pour améliorer nos services.",2
3328,3327,"Nous espérons vous offrir une meilleure expérience lors de votre prochaine visite.",2
3329,3326,"Votre avis est important pour nous aider à progresser. Merci d'avoir pris le temps de nous écrire.",2
3330,3329,"Nous espérons vous offrir une meilleure expérience lors de votre prochaine visite.",2
3331,0,"Pas à la hauteur de mes attentes, surtout au niveau de l'accueil et des services.",3
3332,3331,"Il est regrettable que vous ayez eu une mauvaise expérience. Nous prenons vos commentaires très au sérieux.",3
3333,3332,"Nous souhaitons discuter davantage avec vous pour rectifier la situation. N'hésitez pas à nous contacter.",3
3334,3331,"Nous sommes profondément désolés pour les désagréments rencontrés. Votre feedback est crucial pour nous.",3
3335,3334,"Nous souhaitons discuter davantage avec vous pour rectifier la situation. N'hésitez pas à nous contacter.",3
3336,0,"Mauvaise expérience globale, service à revoir.",3
3337,3336,"Nous sommes profondément désolés pour les désagréments rencontrés. Votre feedback est crucial pour nous.",3
3338,3337,"Nous souhaitons discuter davantage avec vous pour rectifier la situation. N'hésitez pas à nous contacter.",3
3339,3336,"Nous sommes profondément désolés pour les désagréments rencontrés. Votre feedback est crucial pour nous.",3
3340,3339,"Nous souhaitons discuter davantage avec vous pour rectifier la situation. N'hésitez pas à nous contacter.",3
3341,0,"Mauvaise expérience globale, service à revoir.",3
3342,3341,"Il est regrettable que vous ayez eu une mauvaise expérience. Nous prenons vos commentaires très au sérieux.",3
3343,3342,"Votre satisfaction est importante, et nous espérons regagner votre confiance à l'avenir.",3
3344,3341,"Il est regrettable que vous ayez eu une mauvaise expérience. Nous prenons vos commentaires très au sérieux.",3
3345,3344,"Votre satisfaction est importante, et nous espérons regagner votre confiance à l'avenir.",3
3346,0,"Pas à la hauteur de mes attentes, surtout au niveau de l'accueil et des services.",3
3347,3346,"Il est regrettable que vous ayez eu une mauvaise expérience. Nous prenons vos commentaires très au sérieux.",3
3348,3347,"Nous souhaitons discuter davantage avec vous pour rectifier la situation. N'hésitez pas à nous contacter.",3
3349,3346,"Nous sommes profondément désolés pour les désagréments rencontrés. Votre feedback est crucial pour nous.",3
3350,3349,"Nous souhaitons discuter davantage avec vous pour rectifier la situation. N'hésitez pas à nous contacter.",3
3351,0,"Déçu par plusieurs aspects de mon séjour, je ne pense pas revenir.",3
3352,3351,"Il est regrettable que vous ayez eu une mauvaise expérience. Nous prenons vos commentaires très au sérieux.",3
3353,3352,"Votre satisfaction est importante, et nous espérons regagner votre confiance à l'avenir.",3
3354,3351,"Il est regrettable que vous ayez eu une mauvaise expérience. Nous prenons vos commentaires très au sérieux.",3
3355,3354,"Votre satisfaction est importante, et nous espérons regagner votre confiance à l'avenir.",3
3356,0,"Pas à la hauteur de mes attentes, surtout au niveau de l'accueil et des services.",3
3357,3356,"Nous sommes profondément désolés pour les désagréments rencontrés. Votre feedback est crucial pour nous.",3
3358,3357,"Votre satisfaction est importante, et nous espérons regagner votre confiance à l'avenir.",3
3359,3356,"Nous sommes profondément désolés pour les désagréments rencontrés. Votre feedback est crucial pour nous.",3
3360,3359,"Votre satisfaction est importante, et nous espérons regagner votre confiance à l'avenir.",3
3361,0,"Pas à la hauteur de mes attentes, surtout au niveau de l'accueil et des services.",3
3362,3361,"Il est regrettable que vous ayez eu une mauvaise expérience. Nous prenons vos commentaires très au sérieux.",3
3363,3362,"Nous souhaitons discuter davantage avec vous pour rectifier la situation. N'hésitez pas à nous contacter.",3
3364,3361,"Nous sommes profondément désolés pour les désagréments rencontrés. Votre feedback est crucial pour nous.",3
3365,3364,"Nous souhaitons discuter davantage avec vous pour rectifier la situation. N'hésitez pas à nous contacter.",3
3366,0,"Pas à la hauteur de mes attentes, surtout au niveau de l'accueil et des services.",3
3367,3366,"Nous sommes profondément désolés pour les désagréments rencontrés. Votre feedback est crucial pour nous.",3
3368,3367,"Votre satisfaction est importante, et nous espérons regagner votre confiance à l'avenir.",3
3369,3366,"Il est regrettable que vous ayez eu une mauvaise expérience. Nous prenons vos commentaires très au sérieux.",3
3370,3369,"Nous souhaitons discuter davantage avec vous pour rectifier la situation. N'hésitez pas à nous contacter.",3
3371,0,"Pas à la hauteur de mes attentes, surtout au niveau de l'accueil et des services.",3
3372,3371,"Nous sommes profondément désolés pour les désagréments rencontrés. Votre feedback est crucial pour nous.",3
3373,3372,"Nous souhaitons discuter davantage avec vous pour rectifier la situation. N'hésitez pas à nous contacter.",3
3374,3371,"Nous sommes profondément désolés pour les désagréments rencontrés. Votre feedback est crucial pour nous.",3
3375,3374,"Nous souhaitons discuter davantage avec vous pour rectifier la situation. N'hésitez pas à nous contacter.",3
3376,0,"Pas à la hauteur de mes attentes, surtout au niveau de l'accueil et des services.",3
3377,3376,"Il est regrettable que vous ayez eu une mauvaise expérience. Nous prenons vos commentaires très au sérieux.",3
3378,3377,"Nous souhaitons discuter davantage avec vous pour rectifier la situation. N'hésitez pas à nous contacter.",3
3379,3376,"Il est regrettable que vous ayez eu une mauvaise expérience. Nous prenons vos commentaires très au sérieux.",3
3380,3379,"Nous souhaitons discuter davantage avec vous pour rectifier la situation. N'hésitez pas à nous contacter.",3
3381,0,"Mauvaise expérience globale, service à revoir.",3
3382,3381,"Il est regrettable que vous ayez eu une mauvaise expérience. Nous prenons vos commentaires très au sérieux.",3
3383,3382,"Votre satisfaction est importante, et nous espérons regagner votre confiance à l'avenir.",3
3384,3381,"Il est regrettable que vous ayez eu une mauvaise expérience. Nous prenons vos commentaires très au sérieux.",3
3385,3384,"Votre satisfaction est importante, et nous espérons regagner votre confiance à l'avenir.",3
3386,0,"Mauvaise expérience globale, service à revoir.",3
3387,3386,"Nous sommes profondément désolés pour les désagréments rencontrés. Votre feedback est crucial pour nous.",3
3388,3387,"Votre satisfaction est importante, et nous espérons regagner votre confiance à l'avenir.",3
3389,3386,"Nous sommes profondément désolés pour les désagréments rencontrés. Votre feedback est crucial pour nous.",3
3390,3389,"Votre satisfaction est importante, et nous espérons regagner votre confiance à l'avenir.",3
3391,0,"Mauvaise expérience globale, service à revoir.",3
3392,3391,"Nous sommes profondément désolés pour les désagréments rencontrés. Votre feedback est crucial pour nous.",3
3393,3392,"Votre satisfaction est importante, et nous espérons regagner votre confiance à l'avenir.",3
3394,3391,"Il est regrettable que vous ayez eu une mauvaise expérience. Nous prenons vos commentaires très au sérieux.",3
3395,3394,"Votre satisfaction est importante, et nous espérons regagner votre confiance à l'avenir.",3
3396,0,"Pas à la hauteur de mes attentes, surtout au niveau de l'accueil et des services.",3
3397,3396,"Il est regrettable que vous ayez eu une mauvaise expérience. Nous prenons vos commentaires très au sérieux.",3
3398,3397,"Votre satisfaction est importante, et nous espérons regagner votre confiance à l'avenir.",3
3399,3396,"Il est regrettable que vous ayez eu une mauvaise expérience. Nous prenons vos commentaires très au sérieux.",3
3400,3399,"Votre satisfaction est importante, et nous espérons regagner votre confiance à l'avenir.",3
3401,0,"Mauvaise expérience globale, service à revoir.",3
3402,3401,"Il est regrettable que vous ayez eu une mauvaise expérience. Nous prenons vos commentaires très au sérieux.",3
3403,3402,"Votre satisfaction est importante, et nous espérons regagner votre confiance à l'avenir.",3
3404,3401,"Il est regrettable que vous ayez eu une mauvaise expérience. Nous prenons vos commentaires très au sérieux.",3
3405,3404,"Votre satisfaction est importante, et nous espérons regagner votre confiance à l'avenir.",3
3406,0,"Déçu par plusieurs aspects de mon séjour, je ne pense pas revenir.",3
3407,3406,"Il est regrettable que vous ayez eu une mauvaise expérience. Nous prenons vos commentaires très au sérieux.",3
3408,3407,"Votre satisfaction est importante, et nous espérons regagner votre confiance à l'avenir.",3
3409,3406,"Nous sommes profondément désolés pour les désagréments rencontrés. Votre feedback est crucial pour nous.",3
3410,3409,"Votre satisfaction est importante, et nous espérons regagner votre confiance à l'avenir.",3
3411,0,"Pas à la hauteur de mes attentes, surtout au niveau de l'accueil et des services.",3
3412,3411,"Nous sommes profondément désolés pour les désagréments rencontrés. Votre feedback est crucial pour nous.",3
3413,3412,"Votre satisfaction est importante, et nous espérons regagner votre confiance à l'avenir.",3
3414,3411,"Il est regrettable que vous ayez eu une mauvaise expérience. Nous prenons vos commentaires très au sérieux.",3
3415,3414,"Votre satisfaction est importante, et nous espérons regagner votre confiance à l'avenir.",3
3416,0,"Pas à la hauteur de mes attentes, surtout au niveau de l'accueil et des services.",3
3417,3416,"Il est regrettable que vous ayez eu une mauvaise expérience. Nous prenons vos commentaires très au sérieux.",3
3418,3417,"Votre satisfaction est importante, et nous espérons regagner votre confiance à l'avenir.",3
3419,3416,"Il est regrettable que vous ayez eu une mauvaise expérience. Nous prenons vos commentaires très au sérieux.",3
3420,3419,"Votre satisfaction est importante, et nous espérons regagner votre confiance à l'avenir.",3
3421,0,"Mauvaise expérience globale, service à revoir.",3
3422,3421,"Nous sommes profondément désolés pour les désagréments rencontrés. Votre feedback est crucial pour nous.",3
3423,3422,"Nous souhaitons discuter davantage avec vous pour rectifier la situation. N'hésitez pas à nous contacter.",3
3424,3421,"Nous sommes profondément désolés pour les désagréments rencontrés. Votre feedback est crucial pour nous.",3
3425,3424,"Votre satisfaction est importante, et nous espérons regagner votre confiance à l'avenir.",3
3426,0,"Mauvaise expérience globale, service à revoir.",3
3427,3426,"Il est regrettable que vous ayez eu une mauvaise expérience. Nous prenons vos commentaires très au sérieux.",3
3428,3427,"Votre satisfaction est importante, et nous espérons regagner votre confiance à l'avenir.",3
3429,3426,"Nous sommes profondément désolés pour les désagréments rencontrés. Votre feedback est crucial pour nous.",3
3430,3429,"Votre satisfaction est importante, et nous espérons regagner votre confiance à l'avenir.",3
3431,0,"Pas à la hauteur de mes attentes, surtout au niveau de l'accueil et des services.",3
3432,3431,"Nous sommes profondément désolés pour les désagréments rencontrés. Votre feedback est crucial pour nous.",3
3433,3432,"Votre satisfaction est importante, et nous espérons regagner votre confiance à l'avenir.",3
3434,3431,"Nous sommes profondément désolés pour les désagréments rencontrés. Votre feedback est crucial pour nous.",3
3435,3434,"Votre satisfaction est importante, et nous espérons regagner votre confiance à l'avenir.",3
3436,0,"Pas à la hauteur de mes attentes, surtout au niveau de l'accueil et des services.",3
3437,3436,"Nous sommes profondément désolés pour les désagréments rencontrés. Votre feedback est crucial pour nous.",3
3438,3437,"Nous souhaitons discuter davantage avec vous pour rectifier la situation. N'hésitez pas à nous contacter.",3
3439,3436,"Nous sommes profondément désolés pour les désagréments rencontrés. Votre feedback est crucial pour nous.",3
3440,3439,"Votre satisfaction est importante, et nous espérons regagner votre confiance à l'avenir.",3
3441,0,"Déçu par plusieurs aspects de mon séjour, je ne pense pas revenir.",3
3442,3441,"Il est regrettable que vous ayez eu une mauvaise expérience. Nous prenons vos commentaires très au sérieux.",3
3443,3442,"Nous souhaitons discuter davantage avec vous pour rectifier la situation. N'hésitez pas à nous contacter.",3
3444,3441,"Nous sommes profondément désolés pour les désagréments rencontrés. Votre feedback est crucial pour nous.",3
3445,3444,"Votre satisfaction est importante, et nous espérons regagner votre confiance à l'avenir.",3
3446,0,"Déçu par plusieurs aspects de mon séjour, je ne pense pas revenir.",3
3447,3446,"Nous sommes profondément désolés pour les désagréments rencontrés. Votre feedback est crucial pour nous.",3
3448,3447,"Votre satisfaction est importante, et nous espérons regagner votre confiance à l'avenir.",3
3449,3446,"Nous sommes profondément désolés pour les désagréments rencontrés. Votre feedback est crucial pour nous.",3
3450,3449,"Votre satisfaction est importante, et nous espérons regagner votre confiance à l'avenir.",3
3451,0,"Déçu par plusieurs aspects de mon séjour, je ne pense pas revenir.",3
3452,3451,"Il est regrettable que vous ayez eu une mauvaise expérience. Nous prenons vos commentaires très au sérieux.",3
3453,3452,"Votre satisfaction est importante, et nous espérons regagner votre confiance à l'avenir.",3
3454,3451,"Nous sommes profondément désolés pour les désagréments rencontrés. Votre feedback est crucial pour nous.",3
3455,3454,"Nous souhaitons discuter davantage avec vous pour rectifier la situation. N'hésitez pas à nous contacter.",3
3456,0,"Déçu par plusieurs aspects de mon séjour, je ne pense pas revenir.",3
3457,3456,"Il est regrettable que vous ayez eu une mauvaise expérience. Nous prenons vos commentaires très au sérieux.",3
3458,3457,"Votre satisfaction est importante, et nous espérons regagner votre confiance à l'avenir.",3
3459,3456,"Nous sommes profondément désolés pour les désagréments rencontrés. Votre feedback est crucial pour nous.",3
3460,3459,"Nous souhaitons discuter davantage avec vous pour rectifier la situation. N'hésitez pas à nous contacter.",3
3461,0,"Déçu par plusieurs aspects de mon séjour, je ne pense pas revenir.",3
3462,3461,"Il est regrettable que vous ayez eu une mauvaise expérience. Nous prenons vos commentaires très au sérieux.",3
3463,3462,"Nous souhaitons discuter davantage avec vous pour rectifier la situation. N'hésitez pas à nous contacter.",3
3464,3461,"Nous sommes profondément désolés pour les désagréments rencontrés. Votre feedback est crucial pour nous.",3
3465,3464,"Votre satisfaction est importante, et nous espérons regagner votre confiance à l'avenir.",3
3466,0,"Pas à la hauteur de mes attentes, surtout au niveau de l'accueil et des services.",3
3467,3466,"Il est regrettable que vous ayez eu une mauvaise expérience. Nous prenons vos commentaires très au sérieux.",3
3468,3467,"Votre satisfaction est importante, et nous espérons regagner votre confiance à l'avenir.",3
3469,3466,"Il est regrettable que vous ayez eu une mauvaise expérience. Nous prenons vos commentaires très au sérieux.",3
3470,3469,"Nous souhaitons discuter davantage avec vous pour rectifier la situation. N'hésitez pas à nous contacter.",3
3471,0,"Pas à la hauteur de mes attentes, surtout au niveau de l'accueil et des services.",3
3472,3471,"Il est regrettable que vous ayez eu une mauvaise expérience. Nous prenons vos commentaires très au sérieux.",3
3473,3472,"Votre satisfaction est importante, et nous espérons regagner votre confiance à l'avenir.",3
3474,3471,"Il est regrettable que vous ayez eu une mauvaise expérience. Nous prenons vos commentaires très au sérieux.",3
3475,3474,"Nous souhaitons discuter davantage avec vous pour rectifier la situation. N'hésitez pas à nous contacter.",3
3476,0,"Déçu par plusieurs aspects de mon séjour, je ne pense pas revenir.",3
3477,3476,"Nous sommes profondément désolés pour les désagréments rencontrés. Votre feedback est crucial pour nous.",3
3478,3477,"Nous souhaitons discuter davantage avec vous pour rectifier la situation. N'hésitez pas à nous contacter.",3
3479,3476,"Nous sommes profondément désolés pour les désagréments rencontrés. Votre feedback est crucial pour nous.",3
3480,3479,"Votre satisfaction est importante, et nous espérons regagner votre confiance à l'avenir.",3
3481,0,"Pas à la hauteur de mes attentes, surtout au niveau de l'accueil et des services.",3
3482,3481,"Il est regrettable que vous ayez eu une mauvaise expérience. Nous prenons vos commentaires très au sérieux.",3
3483,3482,"Votre satisfaction est importante, et nous espérons regagner votre confiance à l'avenir.",3
3484,3481,"Il est regrettable que vous ayez eu une mauvaise expérience. Nous prenons vos commentaires très au sérieux.",3
3485,3484,"Votre satisfaction est importante, et nous espérons regagner votre confiance à l'avenir.",3
3486,0,"Mauvaise expérience globale, service à revoir.",3
3487,3486,"Il est regrettable que vous ayez eu une mauvaise expérience. Nous prenons vos commentaires très au sérieux.",3
3488,3487,"Nous souhaitons discuter davantage avec vous pour rectifier la situation. N'hésitez pas à nous contacter.",3
3489,3486,"Nous sommes profondément désolés pour les désagréments rencontrés. Votre feedback est crucial pour nous.",3
3490,3489,"Votre satisfaction est importante, et nous espérons regagner votre confiance à l'avenir.",3
3491,0,"Mauvaise expérience globale, service à revoir.",3
3492,3491,"Il est regrettable que vous ayez eu une mauvaise expérience. Nous prenons vos commentaires très au sérieux.",3
3493,3492,"Nous souhaitons discuter davantage avec vous pour rectifier la situation. N'hésitez pas à nous contacter.",3
3494,3491,"Il est regrettable que vous ayez eu une mauvaise expérience. Nous prenons vos commentaires très au sérieux.",3
3495,3494,"Votre satisfaction est importante, et nous espérons regagner votre confiance à l'avenir.",3
3496,0,"Pas à la hauteur de mes attentes, surtout au niveau de l'accueil et des services.",3
3497,3496,"Nous sommes profondément désolés pour les désagréments rencontrés. Votre feedback est crucial pour nous.",3
3498,3497,"Votre satisfaction est importante, et nous espérons regagner votre confiance à l'avenir.",3
3499,3496,"Nous sommes profondément désolés pour les désagréments rencontrés. Votre feedback est crucial pour nous.",3
3500,3499,"Votre satisfaction est importante, et nous espérons regagner votre confiance à l'avenir.",3
3501,0,"Mauvaise expérience globale, service à revoir.",3
3502,3501,"Nous sommes profondément désolés pour les désagréments rencontrés. Votre feedback est crucial pour nous.",3
3503,3502,"Nous souhaitons discuter davantage avec vous pour rectifier la situation. N'hésitez pas à nous contacter.",3
3504,3501,"Il est regrettable que vous ayez eu une mauvaise expérience. Nous prenons vos commentaires très au sérieux.",3
3505,3504,"Votre satisfaction est importante, et nous espérons regagner votre confiance à l'avenir.",3
3506,0,"Déçu par plusieurs aspects de mon séjour, je ne pense pas revenir.",3
3507,3506,"Nous sommes profondément désolés pour les désagréments rencontrés. Votre feedback est crucial pour nous.",3
3508,3507,"Votre satisfaction est importante, et nous espérons regagner votre confiance à l'avenir.",3
3509,3506,"Il est regrettable que vous ayez eu une mauvaise expérience. Nous prenons vos commentaires très au sérieux.",3
3510,3509,"Votre satisfaction est importante, et nous espérons regagner votre confiance à l'avenir.",3
3511,0,"Mauvaise expérience globale, service à revoir.",3
3512,3511,"Il est regrettable que vous ayez eu une mauvaise expérience. Nous prenons vos commentaires très au sérieux.",3
3513,3512,"Nous souhaitons discuter davantage avec vous pour rectifier la situation. N'hésitez pas à nous contacter.",3
3514,3511,"Nous sommes profondément désolés pour les désagréments rencontrés. Votre feedback est crucial pour nous.",3
3515,3514,"Nous souhaitons discuter davantage avec vous pour rectifier la situation. N'hésitez pas à nous contacter.",3
3516,0,"Mauvaise expérience globale, service à revoir.",3
3517,3516,"Il est regrettable que vous ayez eu une mauvaise expérience. Nous prenons vos commentaires très au sérieux.",3
3518,3517,"Votre satisfaction est importante, et nous espérons regagner votre confiance à l'avenir.",3
3519,3516,"Il est regrettable que vous ayez eu une mauvaise expérience. Nous prenons vos commentaires très au sérieux.",3
3520,3519,"Votre satisfaction est importante, et nous espérons regagner votre confiance à l'avenir.",3
3521,0,"Mauvaise expérience globale, service à revoir.",3
3522,3521,"Il est regrettable que vous ayez eu une mauvaise expérience. Nous prenons vos commentaires très au sérieux.",3
3523,3522,"Nous souhaitons discuter davantage avec vous pour rectifier la situation. N'hésitez pas à nous contacter.",3
3524,3521,"Il est regrettable que vous ayez eu une mauvaise expérience. Nous prenons vos commentaires très au sérieux.",3
3525,3524,"Votre satisfaction est importante, et nous espérons regagner votre confiance à l'avenir.",3
3526,0,"Déçu par plusieurs aspects de mon séjour, je ne pense pas revenir.",3
3527,3526,"Nous sommes profondément désolés pour les désagréments rencontrés. Votre feedback est crucial pour nous.",3
3528,3527,"Nous souhaitons discuter davantage avec vous pour rectifier la situation. N'hésitez pas à nous contacter.",3
3529,3526,"Nous sommes profondément désolés pour les désagréments rencontrés. Votre feedback est crucial pour nous.",3
3530,3529,"Nous souhaitons discuter davantage avec vous pour rectifier la situation. N'hésitez pas à nous contacter.",3
3531,0,"Déçu par plusieurs aspects de mon séjour, je ne pense pas revenir.",3
3532,3531,"Nous sommes profondément désolés pour les désagréments rencontrés. Votre feedback est crucial pour nous.",3
3533,3532,"Nous souhaitons discuter davantage avec vous pour rectifier la situation. N'hésitez pas à nous contacter.",3
3534,3531,"Il est regrettable que vous ayez eu une mauvaise expérience. Nous prenons vos commentaires très au sérieux.",3
3535,3534,"Nous souhaitons discuter davantage avec vous pour rectifier la situation. N'hésitez pas à nous contacter.",3
3536,0,"Pas à la hauteur de mes attentes, surtout au niveau de l'accueil et des services.",3
3537,3536,"Il est regrettable que vous ayez eu une mauvaise expérience. Nous prenons vos commentaires très au sérieux.",3
3538,3537,"Nous souhaitons discuter davantage avec vous pour rectifier la situation. N'hésitez pas à nous contacter.",3
3539,3536,"Il est regrettable que vous ayez eu une mauvaise expérience. Nous prenons vos commentaires très au sérieux.",3
3540,3539,"Votre satisfaction est importante, et nous espérons regagner votre confiance à l'avenir.",3
3541,0,"Pas à la hauteur de mes attentes, surtout au niveau de l'accueil et des services.",3
3542,3541,"Il est regrettable que vous ayez eu une mauvaise expérience. Nous prenons vos commentaires très au sérieux.",3
3543,3542,"Votre satisfaction est importante, et nous espérons regagner votre confiance à l'avenir.",3
3544,3541,"Nous sommes profondément désolés pour les désagréments rencontrés. Votre feedback est crucial pour nous.",3
3545,3544,"Nous souhaitons discuter davantage avec vous pour rectifier la situation. N'hésitez pas à nous contacter.",3
3546,0,"Déçu par plusieurs aspects de mon séjour, je ne pense pas revenir.",3
3547,3546,"Il est regrettable que vous ayez eu une mauvaise expérience. Nous prenons vos commentaires très au sérieux.",3
3548,3547,"Nous souhaitons discuter davantage avec vous pour rectifier la situation. N'hésitez pas à nous contacter.",3
3549,3546,"Il est regrettable que vous ayez eu une mauvaise expérience. Nous prenons vos commentaires très au sérieux.",3
3550,3549,"Nous souhaitons discuter davantage avec vous pour rectifier la situation. N'hésitez pas à nous contacter.",3
3551,0,"Pas à la hauteur de mes attentes, surtout au niveau de l'accueil et des services.",3
3552,3551,"Nous sommes profondément désolés pour les désagréments rencontrés. Votre feedback est crucial pour nous.",3
3553,3552,"Votre satisfaction est importante, et nous espérons regagner votre confiance à l'avenir.",3
3554,3551,"Nous sommes profondément désolés pour les désagréments rencontrés. Votre feedback est crucial pour nous.",3
3555,3554,"Votre satisfaction est importante, et nous espérons regagner votre confiance à l'avenir.",3
3556,0,"Déçu par plusieurs aspects de mon séjour, je ne pense pas revenir.",3
3557,3556,"Nous sommes profondément désolés pour les désagréments rencontrés. Votre feedback est crucial pour nous.",3
3558,3557,"Votre satisfaction est importante, et nous espérons regagner votre confiance à l'avenir.",3
3559,3556,"Il est regrettable que vous ayez eu une mauvaise expérience. Nous prenons vos commentaires très au sérieux.",3
3560,3559,"Votre satisfaction est importante, et nous espérons regagner votre confiance à l'avenir.",3
3561,0,"Pas à la hauteur de mes attentes, surtout au niveau de l'accueil et des services.",3
3562,3561,"Il est regrettable que vous ayez eu une mauvaise expérience. Nous prenons vos commentaires très au sérieux.",3
3563,3562,"Votre satisfaction est importante, et nous espérons regagner votre confiance à l'avenir.",3
3564,3561,"Nous sommes profondément désolés pour les désagréments rencontrés. Votre feedback est crucial pour nous.",3
3565,3564,"Nous souhaitons discuter davantage avec vous pour rectifier la situation. N'hésitez pas à nous contacter.",3
3566,0,"Pas à la hauteur de mes attentes, surtout au niveau de l'accueil et des services.",3
3567,3566,"Il est regrettable que vous ayez eu une mauvaise expérience. Nous prenons vos commentaires très au sérieux.",3
3568,3567,"Votre satisfaction est importante, et nous espérons regagner votre confiance à l'avenir.",3
3569,3566,"Il est regrettable que vous ayez eu une mauvaise expérience. Nous prenons vos commentaires très au sérieux.",3
3570,3569,"Votre satisfaction est importante, et nous espérons regagner votre confiance à l'avenir.",3
3571,0,"Déçu par plusieurs aspects de mon séjour, je ne pense pas revenir.",3
3572,3571,"Il est regrettable que vous ayez eu une mauvaise expérience. Nous prenons vos commentaires très au sérieux.",3
3573,3572,"Nous souhaitons discuter davantage avec vous pour rectifier la situation. N'hésitez pas à nous contacter.",3
3574,3571,"Il est regrettable que vous ayez eu une mauvaise expérience. Nous prenons vos commentaires très au sérieux.",3
3575,3574,"Nous souhaitons discuter davantage avec vous pour rectifier la situation. N'hésitez pas à nous contacter.",3
3576,0,"Mauvaise expérience globale, service à revoir.",3
3577,3576,"Nous sommes profondément désolés pour les désagréments rencontrés. Votre feedback est crucial pour nous.",3
3578,3577,"Votre satisfaction est importante, et nous espérons regagner votre confiance à l'avenir.",3
3579,3576,"Il est regrettable que vous ayez eu une mauvaise expérience. Nous prenons vos commentaires très au sérieux.",3
3580,3579,"Votre satisfaction est importante, et nous espérons regagner votre confiance à l'avenir.",3
3581,0,"Pas à la hauteur de mes attentes, surtout au niveau de l'accueil et des services.",3
3582,3581,"Nous sommes profondément désolés pour les désagréments rencontrés. Votre feedback est crucial pour nous.",3
3583,3582,"Votre satisfaction est importante, et nous espérons regagner votre confiance à l'avenir.",3
3584,3581,"Nous sommes profondément désolés pour les désagréments rencontrés. Votre feedback est crucial pour nous.",3
3585,3584,"Votre satisfaction est importante, et nous espérons regagner votre confiance à l'avenir.",3
3586,0,"Pas à la hauteur de mes attentes, surtout au niveau de l'accueil et des services.",3
3587,3586,"Il est regrettable que vous ayez eu une mauvaise expérience. Nous prenons vos commentaires très au sérieux.",3
3588,3587,"Votre satisfaction est importante, et nous espérons regagner votre confiance à l'avenir.",3
3589,3586,"Il est regrettable que vous ayez eu une mauvaise expérience. Nous prenons vos commentaires très au sérieux.",3
3590,3589,"Nous souhaitons discuter davantage avec vous pour rectifier la situation. N'hésitez pas à nous contacter.",3
3591,0,"Déçu par plusieurs aspects de mon séjour, je ne pense pas revenir.",3
3592,3591,"Nous sommes profondément désolés pour les désagréments rencontrés. Votre feedback est crucial pour nous.",3
3593,3592,"Nous souhaitons discuter davantage avec vous pour rectifier la situation. N'hésitez pas à nous contacter.",3
3594,3591,"Nous sommes profondément désolés pour les désagréments rencontrés. Votre feedback est crucial pour nous.",3
3595,3594,"Votre satisfaction est importante, et nous espérons regagner votre confiance à l'avenir.",3
3596,0,"Mauvaise expérience globale, service à revoir.",3
3597,3596,"Il est regrettable que vous ayez eu une mauvaise expérience. Nous prenons vos commentaires très au sérieux.",3
3598,3597,"Nous souhaitons discuter davantage avec vous pour rectifier la situation. N'hésitez pas à nous contacter.",3
3599,3596,"Nous sommes profondément désolés pour les désagréments rencontrés. Votre feedback est crucial pour nous.",3
3600,3599,"Nous souhaitons discuter davantage avec vous pour rectifier la situation. N'hésitez pas à nous contacter.",3
3601,0,"Pas à la hauteur de mes attentes, surtout au niveau de l'accueil et des services.",3
3602,3601,"Il est regrettable que vous ayez eu une mauvaise expérience. Nous prenons vos commentaires très au sérieux.",3
3603,3602,"Nous souhaitons discuter davantage avec vous pour rectifier la situation. N'hésitez pas à nous contacter.",3
3604,3601,"Il est regrettable que vous ayez eu une mauvaise expérience. Nous prenons vos commentaires très au sérieux.",3
3605,3604,"Nous souhaitons discuter davantage avec vous pour rectifier la situation. N'hésitez pas à nous contacter.",3
3606,0,"Déçu par plusieurs aspects de mon séjour, je ne pense pas revenir.",3
3607,3606,"Nous sommes profondément désolés pour les désagréments rencontrés. Votre feedback est crucial pour nous.",3
3608,3607,"Nous souhaitons discuter davantage avec vous pour rectifier la situation. N'hésitez pas à nous contacter.",3
3609,3606,"Il est regrettable que vous ayez eu une mauvaise expérience. Nous prenons vos commentaires très au sérieux.",3
3610,3609,"Votre satisfaction est importante, et nous espérons regagner votre confiance à l'avenir.",3
3611,0,"Mauvaise expérience globale, service à revoir.",3
3612,3611,"Il est regrettable que vous ayez eu une mauvaise expérience. Nous prenons vos commentaires très au sérieux.",3
3613,3612,"Nous souhaitons discuter davantage avec vous pour rectifier la situation. N'hésitez pas à nous contacter.",3
3614,3611,"Il est regrettable que vous ayez eu une mauvaise expérience. Nous prenons vos commentaires très au sérieux.",3
3615,3614,"Votre satisfaction est importante, et nous espérons regagner votre confiance à l'avenir.",3
3616,0,"Mauvaise expérience globale, service à revoir.",3
3617,3616,"Il est regrettable que vous ayez eu une mauvaise expérience. Nous prenons vos commentaires très au sérieux.",3
3618,3617,"Votre satisfaction est importante, et nous espérons regagner votre confiance à l'avenir.",3
3619,3616,"Il est regrettable que vous ayez eu une mauvaise expérience. Nous prenons vos commentaires très au sérieux.",3
3620,3619,"Votre satisfaction est importante, et nous espérons regagner votre confiance à l'avenir.",3
3621,0,"Mauvaise expérience globale, service à revoir.",3
3622,3621,"Il est regrettable que vous ayez eu une mauvaise expérience. Nous prenons vos commentaires très au sérieux.",3
3623,3622,"Nous souhaitons discuter davantage avec vous pour rectifier la situation. N'hésitez pas à nous contacter.",3
3624,3621,"Il est regrettable que vous ayez eu une mauvaise expérience. Nous prenons vos commentaires très au sérieux.",3
3625,3624,"Votre satisfaction est importante, et nous espérons regagner votre confiance à l'avenir.",3
3626,0,"Pas à la hauteur de mes attentes, surtout au niveau de l'accueil et des services.",3
3627,3626,"Il est regrettable que vous ayez eu une mauvaise expérience. Nous prenons vos commentaires très au sérieux.",3
3628,3627,"Nous souhaitons discuter davantage avec vous pour rectifier la situation. N'hésitez pas à nous contacter.",3
3629,3626,"Il est regrettable que vous ayez eu une mauvaise expérience. Nous prenons vos commentaires très au sérieux.",3
3630,3629,"Votre satisfaction est importante, et nous espérons regagner votre confiance à l'avenir.",3
3631,0,"Mauvaise expérience globale, service à revoir.",3
3632,3631,"Il est regrettable que vous ayez eu une mauvaise expérience. Nous prenons vos commentaires très au sérieux.",3
3633,3632,"Nous souhaitons discuter davantage avec vous pour rectifier la situation. N'hésitez pas à nous contacter.",3
3634,3631,"Nous sommes profondément désolés pour les désagréments rencontrés. Votre feedback est crucial pour nous.",3
3635,3634,"Votre satisfaction est importante, et nous espérons regagner votre confiance à l'avenir.",3
3636,0,"Pas à la hauteur de mes attentes, surtout au niveau de l'accueil et des services.",3
3637,3636,"Il est regrettable que vous ayez eu une mauvaise expérience. Nous prenons vos commentaires très au sérieux.",3
3638,3637,"Nous souhaitons discuter davantage avec vous pour rectifier la situation. N'hésitez pas à nous contacter.",3
3639,3636,"Nous sommes profondément désolés pour les désagréments rencontrés. Votre feedback est crucial pour nous.",3
3640,3639,"Votre satisfaction est importante, et nous espérons regagner votre confiance à l'avenir.",3
3641,0,"Déçu par plusieurs aspects de mon séjour, je ne pense pas revenir.",3
3642,3641,"Nous sommes profondément désolés pour les désagréments rencontrés. Votre feedback est crucial pour nous.",3
3643,3642,"Votre satisfaction est importante, et nous espérons regagner votre confiance à l'avenir.",3
3644,3641,"Il est regrettable que vous ayez eu une mauvaise expérience. Nous prenons vos commentaires très au sérieux.",3
3645,3644,"Votre satisfaction est importante, et nous espérons regagner votre confiance à l'avenir.",3
3646,0,"Déçu par plusieurs aspects de mon séjour, je ne pense pas revenir.",3
3647,3646,"Nous sommes profondément désolés pour les désagréments rencontrés. Votre feedback est crucial pour nous.",3
3648,3647,"Votre satisfaction est importante, et nous espérons regagner votre confiance à l'avenir.",3
3649,3646,"Il est regrettable que vous ayez eu une mauvaise expérience. Nous prenons vos commentaires très au sérieux.",3
3650,3649,"Votre satisfaction est importante, et nous espérons regagner votre confiance à l'avenir.",3
3651,0,"Mauvaise expérience globale, service à revoir.",3
3652,3651,"Il est regrettable que vous ayez eu une mauvaise expérience. Nous prenons vos commentaires très au sérieux.",3
3653,3652,"Nous souhaitons discuter davantage avec vous pour rectifier la situation. N'hésitez pas à nous contacter.",3
3654,3651,"Nous sommes profondément désolés pour les désagréments rencontrés. Votre feedback est crucial pour nous.",3
3655,3654,"Votre satisfaction est importante, et nous espérons regagner votre confiance à l'avenir.",3
3656,0,"Pas à la hauteur de mes attentes, surtout au niveau de l'accueil et des services.",3
3657,3656,"Nous sommes profondément désolés pour les désagréments rencontrés. Votre feedback est crucial pour nous.",3
3658,3657,"Nous souhaitons discuter davantage avec vous pour rectifier la situation. N'hésitez pas à nous contacter.",3
3659,3656,"Nous sommes profondément désolés pour les désagréments rencontrés. Votre feedback est crucial pour nous.",3
3660,3659,"Nous souhaitons discuter davantage avec vous pour rectifier la situation. N'hésitez pas à nous contacter.",3
3661,0,"Déçu par plusieurs aspects de mon séjour, je ne pense pas revenir.",3
3662,3661,"Il est regrettable que vous ayez eu une mauvaise expérience. Nous prenons vos commentaires très au sérieux.",3
3663,3662,"Votre satisfaction est importante, et nous espérons regagner votre confiance à l'avenir.",3
3664,3661,"Il est regrettable que vous ayez eu une mauvaise expérience. Nous prenons vos commentaires très au sérieux.",3
3665,3664,"Votre satisfaction est importante, et nous espérons regagner votre confiance à l'avenir.",3
3666,0,"Mauvaise expérience globale, service à revoir.",3
3667,3666,"Nous sommes profondément désolés pour les désagréments rencontrés. Votre feedback est crucial pour nous.",3
3668,3667,"Nous souhaitons discuter davantage avec vous pour rectifier la situation. N'hésitez pas à nous contacter.",3
3669,3666,"Il est regrettable que vous ayez eu une mauvaise expérience. Nous prenons vos commentaires très au sérieux.",3
3670,3669,"Nous souhaitons discuter davantage avec vous pour rectifier la situation. N'hésitez pas à nous contacter.",3
3671,0,"Déçu par plusieurs aspects de mon séjour, je ne pense pas revenir.",3
3672,3671,"Il est regrettable que vous ayez eu une mauvaise expérience. Nous prenons vos commentaires très au sérieux.",3
3673,3672,"Votre satisfaction est importante, et nous espérons regagner votre confiance à l'avenir.",3
3674,3671,"Il est regrettable que vous ayez eu une mauvaise expérience. Nous prenons vos commentaires très au sérieux.",3
3675,3674,"Votre satisfaction est importante, et nous espérons regagner votre confiance à l'avenir.",3
3676,0,"Pas à la hauteur de mes attentes, surtout au niveau de l'accueil et des services.",3
3677,3676,"Nous sommes profondément désolés pour les désagréments rencontrés. Votre feedback est crucial pour nous.",3
3678,3677,"Votre satisfaction est importante, et nous espérons regagner votre confiance à l'avenir.",3
3679,3676,"Il est regrettable que vous ayez eu une mauvaise expérience. Nous prenons vos commentaires très au sérieux.",3
3680,3679,"Nous souhaitons discuter davantage avec vous pour rectifier la situation. N'hésitez pas à nous contacter.",3
3681,0,"Mauvaise expérience globale, service à revoir.",3
3682,3681,"Il est regrettable que vous ayez eu une mauvaise expérience. Nous prenons vos commentaires très au sérieux.",3
3683,3682,"Votre satisfaction est importante, et nous espérons regagner votre confiance à l'avenir.",3
3684,3681,"Il est regrettable que vous ayez eu une mauvaise expérience. Nous prenons vos commentaires très au sérieux.",3
3685,3684,"Votre satisfaction est importante, et nous espérons regagner votre confiance à l'avenir.",3
3686,0,"Pas à la hauteur de mes attentes, surtout au niveau de l'accueil et des services.",3
3687,3686,"Il est regrettable que vous ayez eu une mauvaise expérience. Nous prenons vos commentaires très au sérieux.",3
3688,3687,"Nous souhaitons discuter davantage avec vous pour rectifier la situation. N'hésitez pas à nous contacter.",3
3689,3686,"Il est regrettable que vous ayez eu une mauvaise expérience. Nous prenons vos commentaires très au sérieux.",3
3690,3689,"Nous souhaitons discuter davantage avec vous pour rectifier la situation. N'hésitez pas à nous contacter.",3
3691,0,"Déçu par plusieurs aspects de mon séjour, je ne pense pas revenir.",3
3692,3691,"Il est regrettable que vous ayez eu une mauvaise expérience. Nous prenons vos commentaires très au sérieux.",3
3693,3692,"Votre satisfaction est importante, et nous espérons regagner votre confiance à l'avenir.",3
3694,3691,"Nous sommes profondément désolés pour les désagréments rencontrés. Votre feedback est crucial pour nous.",3
3695,3694,"Nous souhaitons discuter davantage avec vous pour rectifier la situation. N'hésitez pas à nous contacter.",3
3696,0,"Pas à la hauteur de mes attentes, surtout au niveau de l'accueil et des services.",3
3697,3696,"Il est regrettable que vous ayez eu une mauvaise expérience. Nous prenons vos commentaires très au sérieux.",3
3698,3697,"Nous souhaitons discuter davantage avec vous pour rectifier la situation. N'hésitez pas à nous contacter.",3
3699,3696,"Nous sommes profondément désolés pour les désagréments rencontrés. Votre feedback est crucial pour nous.",3
3700,3699,"Nous souhaitons discuter davantage avec vous pour rectifier la situation. N'hésitez pas à nous contacter.",3
3701,0,"Déçu par plusieurs aspects de mon séjour, je ne pense pas revenir.",3
3702,3701,"Il est regrettable que vous ayez eu une mauvaise expérience. Nous prenons vos commentaires très au sérieux.",3
3703,3702,"Votre satisfaction est importante, et nous espérons regagner votre confiance à l'avenir.",3
3704,3701,"Il est regrettable que vous ayez eu une mauvaise expérience. Nous prenons vos commentaires très au sérieux.",3
3705,3704,"Nous souhaitons discuter davantage avec vous pour rectifier la situation. N'hésitez pas à nous contacter.",3
3706,0,"Mauvaise expérience globale, service à revoir.",3
3707,3706,"Il est regrettable que vous ayez eu une mauvaise expérience. Nous prenons vos commentaires très au sérieux.",3
3708,3707,"Votre satisfaction est importante, et nous espérons regagner votre confiance à l'avenir.",3
3709,3706,"Nous sommes profondément désolés pour les désagréments rencontrés. Votre feedback est crucial pour nous.",3
3710,3709,"Votre satisfaction est importante, et nous espérons regagner votre confiance à l'avenir.",3
3711,0,"Déçu par plusieurs aspects de mon séjour, je ne pense pas revenir.",3
3712,3711,"Nous sommes profondément désolés pour les désagréments rencontrés. Votre feedback est crucial pour nous.",3
3713,3712,"Votre satisfaction est importante, et nous espérons regagner votre confiance à l'avenir.",3
3714,3711,"Il est regrettable que vous ayez eu une mauvaise expérience. Nous prenons vos commentaires très au sérieux.",3
3715,3714,"Nous souhaitons discuter davantage avec vous pour rectifier la situation. N'hésitez pas à nous contacter.",3
3716,0,"Déçu par plusieurs aspects de mon séjour, je ne pense pas revenir.",3
3717,3716,"Il est regrettable que vous ayez eu une mauvaise expérience. Nous prenons vos commentaires très au sérieux.",3
3718,3717,"Nous souhaitons discuter davantage avec vous pour rectifier la situation. N'hésitez pas à nous contacter.",3
3719,3716,"Il est regrettable que vous ayez eu une mauvaise expérience. Nous prenons vos commentaires très au sérieux.",3
3720,3719,"Votre satisfaction est importante, et nous espérons regagner votre confiance à l'avenir.",3
3721,0,"Mauvaise expérience globale, service à revoir.",3
3722,3721,"Il est regrettable que vous ayez eu une mauvaise expérience. Nous prenons vos commentaires très au sérieux.",3
3723,3722,"Nous souhaitons discuter davantage avec vous pour rectifier la situation. N'hésitez pas à nous contacter.",3
3724,3721,"Nous sommes profondément désolés pour les désagréments rencontrés. Votre feedback est crucial pour nous.",3
3725,3724,"Votre satisfaction est importante, et nous espérons regagner votre confiance à l'avenir.",3
3726,0,"Mauvaise expérience globale, service à revoir.",3
3727,3726,"Il est regrettable que vous ayez eu une mauvaise expérience. Nous prenons vos commentaires très au sérieux.",3
3728,3727,"Nous souhaitons discuter davantage avec vous pour rectifier la situation. N'hésitez pas à nous contacter.",3
3729,3726,"Nous sommes profondément désolés pour les désagréments rencontrés. Votre feedback est crucial pour nous.",3
3730,3729,"Votre satisfaction est importante, et nous espérons regagner votre confiance à l'avenir.",3
3731,0,"Mauvaise expérience globale, service à revoir.",3
3732,3731,"Il est regrettable que vous ayez eu une mauvaise expérience. Nous prenons vos commentaires très au sérieux.",3
3733,3732,"Votre satisfaction est importante, et nous espérons regagner votre confiance à l'avenir.",3
3734,3731,"Il est regrettable que vous ayez eu une mauvaise expérience. Nous prenons vos commentaires très au sérieux.",3
3735,3734,"Votre satisfaction est importante, et nous espérons regagner votre confiance à l'avenir.",3
3736,0,"Mauvaise expérience globale, service à revoir.",3
3737,3736,"Nous sommes profondément désolés pour les désagréments rencontrés. Votre feedback est crucial pour nous.",3
3738,3737,"Votre satisfaction est importante, et nous espérons regagner votre confiance à l'avenir.",3
3739,3736,"Il est regrettable que vous ayez eu une mauvaise expérience. Nous prenons vos commentaires très au sérieux.",3
3740,3739,"Nous souhaitons discuter davantage avec vous pour rectifier la situation. N'hésitez pas à nous contacter.",3
3741,0,"Pas à la hauteur de mes attentes, surtout au niveau de l'accueil et des services.",3
3742,3741,"Nous sommes profondément désolés pour les désagréments rencontrés. Votre feedback est crucial pour nous.",3
3743,3742,"Nous souhaitons discuter davantage avec vous pour rectifier la situation. N'hésitez pas à nous contacter.",3
3744,3741,"Nous sommes profondément désolés pour les désagréments rencontrés. Votre feedback est crucial pour nous.",3
3745,3744,"Votre satisfaction est importante, et nous espérons regagner votre confiance à l'avenir.",3
3746,0,"Pas à la hauteur de mes attentes, surtout au niveau de l'accueil et des services.",3
3747,3746,"Nous sommes profondément désolés pour les désagréments rencontrés. Votre feedback est crucial pour nous.",3
3748,3747,"Votre satisfaction est importante, et nous espérons regagner votre confiance à l'avenir.",3
3749,3746,"Il est regrettable que vous ayez eu une mauvaise expérience. Nous prenons vos commentaires très au sérieux.",3
3750,3749,"Votre satisfaction est importante, et nous espérons regagner votre confiance à l'avenir.",3
3751,0,"Pas à la hauteur de mes attentes, surtout au niveau de l'accueil et des services.",3
3752,3751,"Nous sommes profondément désolés pour les désagréments rencontrés. Votre feedback est crucial pour nous.",3
3753,3752,"Nous souhaitons discuter davantage avec vous pour rectifier la situation. N'hésitez pas à nous contacter.",3
3754,3751,"Nous sommes profondément désolés pour les désagréments rencontrés. Votre feedback est crucial pour nous.",3
3755,3754,"Nous souhaitons discuter davantage avec vous pour rectifier la situation. N'hésitez pas à nous contacter.",3
3756,0,"Pas à la hauteur de mes attentes, surtout au niveau de l'accueil et des services.",3
3757,3756,"Il est regrettable que vous ayez eu une mauvaise expérience. Nous prenons vos commentaires très au sérieux.",3
3758,3757,"Votre satisfaction est importante, et nous espérons regagner votre confiance à l'avenir.",3
3759,3756,"Il est regrettable que vous ayez eu une mauvaise expérience. Nous prenons vos commentaires très au sérieux.",3
3760,3759,"Nous souhaitons discuter davantage avec vous pour rectifier la situation. N'hésitez pas à nous contacter.",3
3761,0,"Pas à la hauteur de mes attentes, surtout au niveau de l'accueil et des services.",3
3762,3761,"Il est regrettable que vous ayez eu une mauvaise expérience. Nous prenons vos commentaires très au sérieux.",3
3763,3762,"Votre satisfaction est importante, et nous espérons regagner votre confiance à l'avenir.",3
3764,3761,"Il est regrettable que vous ayez eu une mauvaise expérience. Nous prenons vos commentaires très au sérieux.",3
3765,3764,"Votre satisfaction est importante, et nous espérons regagner votre confiance à l'avenir.",3
3766,0,"Déçu par plusieurs aspects de mon séjour, je ne pense pas revenir.",3
3767,3766,"Nous sommes profondément désolés pour les désagréments rencontrés. Votre feedback est crucial pour nous.",3
3768,3767,"Votre satisfaction est importante, et nous espérons regagner votre confiance à l'avenir.",3
3769,3766,"Nous sommes profondément désolés pour les désagréments rencontrés. Votre feedback est crucial pour nous.",3
3770,3769,"Votre satisfaction est importante, et nous espérons regagner votre confiance à l'avenir.",3
3771,0,"Pas à la hauteur de mes attentes, surtout au niveau de l'accueil et des services.",3
3772,3771,"Nous sommes profondément désolés pour les désagréments rencontrés. Votre feedback est crucial pour nous.",3
3773,3772,"Votre satisfaction est importante, et nous espérons regagner votre confiance à l'avenir.",3
3774,3771,"Nous sommes profondément désolés pour les désagréments rencontrés. Votre feedback est crucial pour nous.",3
3775,3774,"Votre satisfaction est importante, et nous espérons regagner votre confiance à l'avenir.",3
3776,0,"Déçu par plusieurs aspects de mon séjour, je ne pense pas revenir.",3
3777,3776,"Nous sommes profondément désolés pour les désagréments rencontrés. Votre feedback est crucial pour nous.",3
3778,3777,"Votre satisfaction est importante, et nous espérons regagner votre confiance à l'avenir.",3
3779,3776,"Il est regrettable que vous ayez eu une mauvaise expérience. Nous prenons vos commentaires très au sérieux.",3
3780,3779,"Votre satisfaction est importante, et nous espérons regagner votre confiance à l'avenir.",3
3781,0,"Déçu par plusieurs aspects de mon séjour, je ne pense pas revenir.",3
3782,3781,"Il est regrettable que vous ayez eu une mauvaise expérience. Nous prenons vos commentaires très au sérieux.",3
3783,3782,"Votre satisfaction est importante, et nous espérons regagner votre confiance à l'avenir.",3
3784,3781,"Il est regrettable que vous ayez eu une mauvaise expérience. Nous prenons vos commentaires très au sérieux.",3
3785,3784,"Nous souhaitons discuter davantage avec vous pour rectifier la situation. N'hésitez pas à nous contacter.",3
3786,0,"Mauvaise expérience globale, service à revoir.",3
3787,3786,"Il est regrettable que vous ayez eu une mauvaise expérience. Nous prenons vos commentaires très au sérieux.",3
3788,3787,"Nous souhaitons discuter davantage avec vous pour rectifier la situation. N'hésitez pas à nous contacter.",3
3789,3786,"Il est regrettable que vous ayez eu une mauvaise expérience. Nous prenons vos commentaires très au sérieux.",3
3790,3789,"Nous souhaitons discuter davantage avec vous pour rectifier la situation. N'hésitez pas à nous contacter.",3
3791,0,"Mauvaise expérience globale, service à revoir.",3
3792,3791,"Nous sommes profondément désolés pour les désagréments rencontrés. Votre feedback est crucial pour nous.",3
3793,3792,"Votre satisfaction est importante, et nous espérons regagner votre confiance à l'avenir.",3
3794,3791,"Nous sommes profondément désolés pour les désagréments rencontrés. Votre feedback est crucial pour nous.",3
3795,3794,"Votre satisfaction est importante, et nous espérons regagner votre confiance à l'avenir.",3
3796,0,"Pas à la hauteur de mes attentes, surtout au niveau de l'accueil et des services.",3
3797,3796,"Nous sommes profondément désolés pour les désagréments rencontrés. Votre feedback est crucial pour nous.",3
3798,3797,"Votre satisfaction est importante, et nous espérons regagner votre confiance à l'avenir.",3
3799,3796,"Il est regrettable que vous ayez eu une mauvaise expérience. Nous prenons vos commentaires très au sérieux.",3
3800,3799,"Votre satisfaction est importante, et nous espérons regagner votre confiance à l'avenir.",3
3801,0,"Déçu par plusieurs aspects de mon séjour, je ne pense pas revenir.",3
3802,3801,"Il est regrettable que vous ayez eu une mauvaise expérience. Nous prenons vos commentaires très au sérieux.",3
3803,3802,"Nous souhaitons discuter davantage avec vous pour rectifier la situation. N'hésitez pas à nous contacter.",3
3804,3801,"Nous sommes profondément désolés pour les désagréments rencontrés. Votre feedback est crucial pour nous.",3
3805,3804,"Votre satisfaction est importante, et nous espérons regagner votre confiance à l'avenir.",3
3806,0,"Pas à la hauteur de mes attentes, surtout au niveau de l'accueil et des services.",3
3807,3806,"Il est regrettable que vous ayez eu une mauvaise expérience. Nous prenons vos commentaires très au sérieux.",3
3808,3807,"Votre satisfaction est importante, et nous espérons regagner votre confiance à l'avenir.",3
3809,3806,"Il est regrettable que vous ayez eu une mauvaise expérience. Nous prenons vos commentaires très au sérieux.",3
3810,3809,"Nous souhaitons discuter davantage avec vous pour rectifier la situation. N'hésitez pas à nous contacter.",3
3811,0,"Mauvaise expérience globale, service à revoir.",3
3812,3811,"Nous sommes profondément désolés pour les désagréments rencontrés. Votre feedback est crucial pour nous.",3
3813,3812,"Nous souhaitons discuter davantage avec vous pour rectifier la situation. N'hésitez pas à nous contacter.",3
3814,3811,"Nous sommes profondément désolés pour les désagréments rencontrés. Votre feedback est crucial pour nous.",3
3815,3814,"Votre satisfaction est importante, et nous espérons regagner votre confiance à l'avenir.",3
3816,0,"Pas à la hauteur de mes attentes, surtout au niveau de l'accueil et des services.",3
3817,3816,"Nous sommes profondément désolés pour les désagréments rencontrés. Votre feedback est crucial pour nous.",3
3818,3817,"Nous souhaitons discuter davantage avec vous pour rectifier la situation. N'hésitez pas à nous contacter.",3
3819,3816,"Nous sommes profondément désolés pour les désagréments rencontrés. Votre feedback est crucial pour nous.",3
3820,3819,"Nous souhaitons discuter davantage avec vous pour rectifier la situation. N'hésitez pas à nous contacter.",3
3821,0,"Pas à la hauteur de mes attentes, surtout au niveau de l'accueil et des services.",3
3822,3821,"Il est regrettable que vous ayez eu une mauvaise expérience. Nous prenons vos commentaires très au sérieux.",3
3823,3822,"Nous souhaitons discuter davantage avec vous pour rectifier la situation. N'hésitez pas à nous contacter.",3
3824,3821,"Il est regrettable que vous ayez eu une mauvaise expérience. Nous prenons vos commentaires très au sérieux.",3
3825,3824,"Nous souhaitons discuter davantage avec vous pour rectifier la situation. N'hésitez pas à nous contacter.",3
3826,0,"Mauvaise expérience globale, service à revoir.",3
3827,3826,"Il est regrettable que vous ayez eu une mauvaise expérience. Nous prenons vos commentaires très au sérieux.",3
3828,3827,"Votre satisfaction est importante, et nous espérons regagner votre confiance à l'avenir.",3
3829,3826,"Nous sommes profondément désolés pour les désagréments rencontrés. Votre feedback est crucial pour nous.",3
3830,3829,"Votre satisfaction est importante, et nous espérons regagner votre confiance à l'avenir.",3
3831,0,"Mauvaise expérience globale, service à revoir.",3
3832,3831,"Nous sommes profondément désolés pour les désagréments rencontrés. Votre feedback est crucial pour nous.",3
3833,3832,"Nous souhaitons discuter davantage avec vous pour rectifier la situation. N'hésitez pas à nous contacter.",3
3834,3831,"Il est regrettable que vous ayez eu une mauvaise expérience. Nous prenons vos commentaires très au sérieux.",3
3835,3834,"Nous souhaitons discuter davantage avec vous pour rectifier la situation. N'hésitez pas à nous contacter.",3
3836,0,"Pas à la hauteur de mes attentes, surtout au niveau de l'accueil et des services.",3
3837,3836,"Il est regrettable que vous ayez eu une mauvaise expérience. Nous prenons vos commentaires très au sérieux.",3
3838,3837,"Nous souhaitons discuter davantage avec vous pour rectifier la situation. N'hésitez pas à nous contacter.",3
3839,3836,"Nous sommes profondément désolés pour les désagréments rencontrés. Votre feedback est crucial pour nous.",3
3840,3839,"Nous souhaitons discuter davantage avec vous pour rectifier la situation. N'hésitez pas à nous contacter.",3
3841,0,"Mauvaise expérience globale, service à revoir.",3
3842,3841,"Il est regrettable que vous ayez eu une mauvaise expérience. Nous prenons vos commentaires très au sérieux.",3
3843,3842,"Nous souhaitons discuter davantage avec vous pour rectifier la situation. N'hésitez pas à nous contacter.",3
3844,3841,"Il est regrettable que vous ayez eu une mauvaise expérience. Nous prenons vos commentaires très au sérieux.",3
3845,3844,"Nous souhaitons discuter davantage avec vous pour rectifier la situation. N'hésitez pas à nous contacter.",3
3846,0,"Mauvaise expérience globale, service à revoir.",3
3847,3846,"Nous sommes profondément désolés pour les désagréments rencontrés. Votre feedback est crucial pour nous.",3
3848,3847,"Votre satisfaction est importante, et nous espérons regagner votre confiance à l'avenir.",3
3849,3846,"Il est regrettable que vous ayez eu une mauvaise expérience. Nous prenons vos commentaires très au sérieux.",3
3850,3849,"Nous souhaitons discuter davantage avec vous pour rectifier la situation. N'hésitez pas à nous contacter.",3
3851,0,"Mauvaise expérience globale, service à revoir.",3
3852,3851,"Nous sommes profondément désolés pour les désagréments rencontrés. Votre feedback est crucial pour nous.",3
3853,3852,"Votre satisfaction est importante, et nous espérons regagner votre confiance à l'avenir.",3
3854,3851,"Il est regrettable que vous ayez eu une mauvaise expérience. Nous prenons vos commentaires très au sérieux.",3
3855,3854,"Nous souhaitons discuter davantage avec vous pour rectifier la situation. N'hésitez pas à nous contacter.",3
3856,0,"Pas à la hauteur de mes attentes, surtout au niveau de l'accueil et des services.",3
3857,3856,"Nous sommes profondément désolés pour les désagréments rencontrés. Votre feedback est crucial pour nous.",3
3858,3857,"Nous souhaitons discuter davantage avec vous pour rectifier la situation. N'hésitez pas à nous contacter.",3
3859,3856,"Il est regrettable que vous ayez eu une mauvaise expérience. Nous prenons vos commentaires très au sérieux.",3
3860,3859,"Votre satisfaction est importante, et nous espérons regagner votre confiance à l'avenir.",3
3861,0,"Mauvaise expérience globale, service à revoir.",3
3862,3861,"Il est regrettable que vous ayez eu une mauvaise expérience. Nous prenons vos commentaires très au sérieux.",3
3863,3862,"Nous souhaitons discuter davantage avec vous pour rectifier la situation. N'hésitez pas à nous contacter.",3
3864,3861,"Il est regrettable que vous ayez eu une mauvaise expérience. Nous prenons vos commentaires très au sérieux.",3
3865,3864,"Nous souhaitons discuter davantage avec vous pour rectifier la situation. N'hésitez pas à nous contacter.",3
3866,0,"Mauvaise expérience globale, service à revoir.",3
3867,3866,"Nous sommes profondément désolés pour les désagréments rencontrés. Votre feedback est crucial pour nous.",3
3868,3867,"Nous souhaitons discuter davantage avec vous pour rectifier la situation. N'hésitez pas à nous contacter.",3
3869,3866,"Il est regrettable que vous ayez eu une mauvaise expérience. Nous prenons vos commentaires très au sérieux.",3
3870,3869,"Nous souhaitons discuter davantage avec vous pour rectifier la situation. N'hésitez pas à nous contacter.",3
3871,0,"Déçu par plusieurs aspects de mon séjour, je ne pense pas revenir.",3
3872,3871,"Il est regrettable que vous ayez eu une mauvaise expérience. Nous prenons vos commentaires très au sérieux.",3
3873,3872,"Nous souhaitons discuter davantage avec vous pour rectifier la situation. N'hésitez pas à nous contacter.",3
3874,3871,"Il est regrettable que vous ayez eu une mauvaise expérience. Nous prenons vos commentaires très au sérieux.",3
3875,3874,"Nous souhaitons discuter davantage avec vous pour rectifier la situation. N'hésitez pas à nous contacter.",3
3876,0,"Pas à la hauteur de mes attentes, surtout au niveau de l'accueil et des services.",3
3877,3876,"Nous sommes profondément désolés pour les désagréments rencontrés. Votre feedback est crucial pour nous.",3
3878,3877,"Votre satisfaction est importante, et nous espérons regagner votre confiance à l'avenir.",3
3879,3876,"Nous sommes profondément désolés pour les désagréments rencontrés. Votre feedback est crucial pour nous.",3
3880,3879,"Votre satisfaction est importante, et nous espérons regagner votre confiance à l'avenir.",3
3881,0,"Pas à la hauteur de mes attentes, surtout au niveau de l'accueil et des services.",3
3882,3881,"Nous sommes profondément désolés pour les désagréments rencontrés. Votre feedback est crucial pour nous.",3
3883,3882,"Nous souhaitons discuter davantage avec vous pour rectifier la situation. N'hésitez pas à nous contacter.",3
3884,3881,"Nous sommes profondément désolés pour les désagréments rencontrés. Votre feedback est crucial pour nous.",3
3885,3884,"Nous souhaitons discuter davantage avec vous pour rectifier la situation. N'hésitez pas à nous contacter.",3
3886,0,"Pas à la hauteur de mes attentes, surtout au niveau de l'accueil et des services.",3
3887,3886,"Il est regrettable que vous ayez eu une mauvaise expérience. Nous prenons vos commentaires très au sérieux.",3
3888,3887,"Votre satisfaction est importante, et nous espérons regagner votre confiance à l'avenir.",3
3889,3886,"Nous sommes profondément désolés pour les désagréments rencontrés. Votre feedback est crucial pour nous.",3
3890,3889,"Votre satisfaction est importante, et nous espérons regagner votre confiance à l'avenir.",3
3891,0,"Déçu par plusieurs aspects de mon séjour, je ne pense pas revenir.",3
3892,3891,"Nous sommes profondément désolés pour les désagréments rencontrés. Votre feedback est crucial pour nous.",3
3893,3892,"Nous souhaitons discuter davantage avec vous pour rectifier la situation. N'hésitez pas à nous contacter.",3
3894,3891,"Il est regrettable que vous ayez eu une mauvaise expérience. Nous prenons vos commentaires très au sérieux.",3
3895,3894,"Nous souhaitons discuter davantage avec vous pour rectifier la situation. N'hésitez pas à nous contacter.",3
3896,0,"Pas à la hauteur de mes attentes, surtout au niveau de l'accueil et des services.",3
3897,3896,"Nous sommes profondément désolés pour les désagréments rencontrés. Votre feedback est crucial pour nous.",3
3898,3897,"Votre satisfaction est importante, et nous espérons regagner votre confiance à l'avenir.",3
3899,3896,"Il est regrettable que vous ayez eu une mauvaise expérience. Nous prenons vos commentaires très au sérieux.",3
3900,3899,"Nous souhaitons discuter davantage avec vous pour rectifier la situation. N'hésitez pas à nous contacter.",3
3901,0,"Pas à la hauteur de mes attentes, surtout au niveau de l'accueil et des services.",3
3902,3901,"Nous sommes profondément désolés pour les désagréments rencontrés. Votre feedback est crucial pour nous.",3
3903,3902,"Votre satisfaction est importante, et nous espérons regagner votre confiance à l'avenir.",3
3904,3901,"Nous sommes profondément désolés pour les désagréments rencontrés. Votre feedback est crucial pour nous.",3
3905,3904,"Votre satisfaction est importante, et nous espérons regagner votre confiance à l'avenir.",3
3906,0,"Déçu par plusieurs aspects de mon séjour, je ne pense pas revenir.",3
3907,3906,"Il est regrettable que vous ayez eu une mauvaise expérience. Nous prenons vos commentaires très au sérieux.",3
3908,3907,"Nous souhaitons discuter davantage avec vous pour rectifier la situation. N'hésitez pas à nous contacter.",3
3909,3906,"Nous sommes profondément désolés pour les désagréments rencontrés. Votre feedback est crucial pour nous.",3
3910,3909,"Nous souhaitons discuter davantage avec vous pour rectifier la situation. N'hésitez pas à nous contacter.",3
3911,0,"Déçu par plusieurs aspects de mon séjour, je ne pense pas revenir.",3
3912,3911,"Nous sommes profondément désolés pour les désagréments rencontrés. Votre feedback est crucial pour nous.",3
3913,3912,"Nous souhaitons discuter davantage avec vous pour rectifier la situation. N'hésitez pas à nous contacter.",3
3914,3911,"Il est regrettable que vous ayez eu une mauvaise expérience. Nous prenons vos commentaires très au sérieux.",3
3915,3914,"Votre satisfaction est importante, et nous espérons regagner votre confiance à l'avenir.",3
3916,0,"Mauvaise expérience globale, service à revoir.",3
3917,3916,"Nous sommes profondément désolés pour les désagréments rencontrés. Votre feedback est crucial pour nous.",3
3918,3917,"Votre satisfaction est importante, et nous espérons regagner votre confiance à l'avenir.",3
3919,3916,"Il est regrettable que vous ayez eu une mauvaise expérience. Nous prenons vos commentaires très au sérieux.",3
3920,3919,"Nous souhaitons discuter davantage avec vous pour rectifier la situation. N'hésitez pas à nous contacter.",3
3921,0,"Pas à la hauteur de mes attentes, surtout au niveau de l'accueil et des services.",3
3922,3921,"Il est regrettable que vous ayez eu une mauvaise expérience. Nous prenons vos commentaires très au sérieux.",3
3923,3922,"Votre satisfaction est importante, et nous espérons regagner votre confiance à l'avenir.",3
3924,3921,"Il est regrettable que vous ayez eu une mauvaise expérience. Nous prenons vos commentaires très au sérieux.",3
3925,3924,"Nous souhaitons discuter davantage avec vous pour rectifier la situation. N'hésitez pas à nous contacter.",3
3926,0,"Mauvaise expérience globale, service à revoir.",3
3927,3926,"Il est regrettable que vous ayez eu une mauvaise expérience. Nous prenons vos commentaires très au sérieux.",3
3928,3927,"Nous souhaitons discuter davantage avec vous pour rectifier la situation. N'hésitez pas à nous contacter.",3
3929,3926,"Il est regrettable que vous ayez eu une mauvaise expérience. Nous prenons vos commentaires très au sérieux.",3
3930,3929,"Nous souhaitons discuter davantage avec vous pour rectifier la situation. N'hésitez pas à nous contacter.",3
3931,0,"Mauvaise expérience globale, service à revoir.",3
3932,3931,"Nous sommes profondément désolés pour les désagréments rencontrés. Votre feedback est crucial pour nous.",3
3933,3932,"Nous souhaitons discuter davantage avec vous pour rectifier la situation. N'hésitez pas à nous contacter.",3
3934,3931,"Il est regrettable que vous ayez eu une mauvaise expérience. Nous prenons vos commentaires très au sérieux.",3
3935,3934,"Nous souhaitons discuter davantage avec vous pour rectifier la situation. N'hésitez pas à nous contacter.",3
3936,0,"Mauvaise expérience globale, service à revoir.",3
3937,3936,"Il est regrettable que vous ayez eu une mauvaise expérience. Nous prenons vos commentaires très au sérieux.",3
3938,3937,"Nous souhaitons discuter davantage avec vous pour rectifier la situation. N'hésitez pas à nous contacter.",3
3939,3936,"Il est regrettable que vous ayez eu une mauvaise expérience. Nous prenons vos commentaires très au sérieux.",3
3940,3939,"Nous souhaitons discuter davantage avec vous pour rectifier la situation. N'hésitez pas à nous contacter.",3
3941,0,"Déçu par plusieurs aspects de mon séjour, je ne pense pas revenir.",3
3942,3941,"Nous sommes profondément désolés pour les désagréments rencontrés. Votre feedback est crucial pour nous.",3
3943,3942,"Votre satisfaction est importante, et nous espérons regagner votre confiance à l'avenir.",3
3944,3941,"Il est regrettable que vous ayez eu une mauvaise expérience. Nous prenons vos commentaires très au sérieux.",3
3945,3944,"Nous souhaitons discuter davantage avec vous pour rectifier la situation. N'hésitez pas à nous contacter.",3
3946,0,"Déçu par plusieurs aspects de mon séjour, je ne pense pas revenir.",3
3947,3946,"Nous sommes profondément désolés pour les désagréments rencontrés. Votre feedback est crucial pour nous.",3
3948,3947,"Votre satisfaction est importante, et nous espérons regagner votre confiance à l'avenir.",3
3949,3946,"Il est regrettable que vous ayez eu une mauvaise expérience. Nous prenons vos commentaires très au sérieux.",3
3950,3949,"Votre satisfaction est importante, et nous espérons regagner votre confiance à l'avenir.",3
3951,0,"Déçu par plusieurs aspects de mon séjour, je ne pense pas revenir.",3
3952,3951,"Il est regrettable que vous ayez eu une mauvaise expérience. Nous prenons vos commentaires très au sérieux.",3
3953,3952,"Votre satisfaction est importante, et nous espérons regagner votre confiance à l'avenir.",3
3954,3951,"Il est regrettable que vous ayez eu une mauvaise expérience. Nous prenons vos commentaires très au sérieux.",3
3955,3954,"Votre satisfaction est importante, et nous espérons regagner votre confiance à l'avenir.",3
3956,0,"Pas à la hauteur de mes attentes, surtout au niveau de l'accueil et des services.",3
3957,3956,"Nous sommes profondément désolés pour les désagréments rencontrés. Votre feedback est crucial pour nous.",3
3958,3957,"Votre satisfaction est importante, et nous espérons regagner votre confiance à l'avenir.",3
3959,3956,"Nous sommes profondément désolés pour les désagréments rencontrés. Votre feedback est crucial pour nous.",3
3960,3959,"Nous souhaitons discuter davantage avec vous pour rectifier la situation. N'hésitez pas à nous contacter.",3
3961,0,"Déçu par plusieurs aspects de mon séjour, je ne pense pas revenir.",3
3962,3961,"Nous sommes profondément désolés pour les désagréments rencontrés. Votre feedback est crucial pour nous.",3
3963,3962,"Votre satisfaction est importante, et nous espérons regagner votre confiance à l'avenir.",3
3964,3961,"Il est regrettable que vous ayez eu une mauvaise expérience. Nous prenons vos commentaires très au sérieux.",3
3965,3964,"Nous souhaitons discuter davantage avec vous pour rectifier la situation. N'hésitez pas à nous contacter.",3
3966,0,"Pas à la hauteur de mes attentes, surtout au niveau de l'accueil et des services.",3
3967,3966,"Il est regrettable que vous ayez eu une mauvaise expérience. Nous prenons vos commentaires très au sérieux.",3
3968,3967,"Nous souhaitons discuter davantage avec vous pour rectifier la situation. N'hésitez pas à nous contacter.",3
3969,3966,"Il est regrettable que vous ayez eu une mauvaise expérience. Nous prenons vos commentaires très au sérieux.",3
3970,3969,"Nous souhaitons discuter davantage avec vous pour rectifier la situation. N'hésitez pas à nous contacter.",3
3971,0,"Pas à la hauteur de mes attentes, surtout au niveau de l'accueil et des services.",3
3972,3971,"Il est regrettable que vous ayez eu une mauvaise expérience. Nous prenons vos commentaires très au sérieux.",3
3973,3972,"Votre satisfaction est importante, et nous espérons regagner votre confiance à l'avenir.",3
3974,3971,"Il est regrettable que vous ayez eu une mauvaise expérience. Nous prenons vos commentaires très au sérieux.",3
3975,3974,"Votre satisfaction est importante, et nous espérons regagner votre confiance à l'avenir.",3
3976,0,"Pas à la hauteur de mes attentes, surtout au niveau de l'accueil et des services.",3
3977,3976,"Nous sommes profondément désolés pour les désagréments rencontrés. Votre feedback est crucial pour nous.",3
3978,3977,"Votre satisfaction est importante, et nous espérons regagner votre confiance à l'avenir.",3
3979,3976,"Nous sommes profondément désolés pour les désagréments rencontrés. Votre feedback est crucial pour nous.",3
3980,3979,"Votre satisfaction est importante, et nous espérons regagner votre confiance à l'avenir.",3
3981,0,"Mauvaise expérience globale, service à revoir.",3
3982,3981,"Nous sommes profondément désolés pour les désagréments rencontrés. Votre feedback est crucial pour nous.",3
3983,3982,"Votre satisfaction est importante, et nous espérons regagner votre confiance à l'avenir.",3
3984,3981,"Il est regrettable que vous ayez eu une mauvaise expérience. Nous prenons vos commentaires très au sérieux.",3
3985,3984,"Votre satisfaction est importante, et nous espérons regagner votre confiance à l'avenir.",3
3986,0,"Mauvaise expérience globale, service à revoir.",3
3987,3986,"Il est regrettable que vous ayez eu une mauvaise expérience. Nous prenons vos commentaires très au sérieux.",3
3988,3987,"Nous souhaitons discuter davantage avec vous pour rectifier la situation. N'hésitez pas à nous contacter.",3
3989,3986,"Nous sommes profondément désolés pour les désagréments rencontrés. Votre feedback est crucial pour nous.",3
3990,3989,"Votre satisfaction est importante, et nous espérons regagner votre confiance à l'avenir.",3
3991,0,"Mauvaise expérience globale, service à revoir.",3
3992,3991,"Il est regrettable que vous ayez eu une mauvaise expérience. Nous prenons vos commentaires très au sérieux.",3
3993,3992,"Nous souhaitons discuter davantage avec vous pour rectifier la situation. N'hésitez pas à nous contacter.",3
3994,3991,"Nous sommes profondément désolés pour les désagréments rencontrés. Votre feedback est crucial pour nous.",3
3995,3994,"Votre satisfaction est importante, et nous espérons regagner votre confiance à l'avenir.",3
3996,0,"Pas à la hauteur de mes attentes, surtout au niveau de l'accueil et des services.",3
3997,3996,"Il est regrettable que vous ayez eu une mauvaise expérience. Nous prenons vos commentaires très au sérieux.",3
3998,3997,"Nous souhaitons discuter davantage avec vous pour rectifier la situation. N'hésitez pas à nous contacter.",3
3999,3996,"Il est regrettable que vous ayez eu une mauvaise expérience. Nous prenons vos commentaires très au sérieux.",3
4000,3999,"Nous souhaitons discuter davantage avec vous pour rectifier la situation. N'hésitez pas à nous contacter.",3
4001,0,"Déçu par plusieurs aspects de mon séjour, je ne pense pas revenir.",3
4002,4001,"Nous sommes profondément désolés pour les désagréments rencontrés. Votre feedback est crucial pour nous.",3
4003,4002,"Nous souhaitons discuter davantage avec vous pour rectifier la situation. N'hésitez pas à nous contacter.",3
4004,4001,"Nous sommes profondément désolés pour les désagréments rencontrés. Votre feedback est crucial pour nous.",3
4005,4004,"Votre satisfaction est importante, et nous espérons regagner votre confiance à l'avenir.",3
4006,0,"Mauvaise expérience globale, service à revoir.",3
4007,4006,"Il est regrettable que vous ayez eu une mauvaise expérience. Nous prenons vos commentaires très au sérieux.",3
4008,4007,"Votre satisfaction est importante, et nous espérons regagner votre confiance à l'avenir.",3
4009,4006,"Nous sommes profondément désolés pour les désagréments rencontrés. Votre feedback est crucial pour nous.",3
4010,4009,"Votre satisfaction est importante, et nous espérons regagner votre confiance à l'avenir.",3
4011,0,"Déçu par plusieurs aspects de mon séjour, je ne pense pas revenir.",3
4012,4011,"Il est regrettable que vous ayez eu une mauvaise expérience. Nous prenons vos commentaires très au sérieux.",3
4013,4012,"Nous souhaitons discuter davantage avec vous pour rectifier la situation. N'hésitez pas à nous contacter.",3
4014,4011,"Il est regrettable que vous ayez eu une mauvaise expérience. Nous prenons vos commentaires très au sérieux.",3
4015,4014,"Votre satisfaction est importante, et nous espérons regagner votre confiance à l'avenir.",3
4016,0,"Déçu par plusieurs aspects de mon séjour, je ne pense pas revenir.",3
4017,4016,"Il est regrettable que vous ayez eu une mauvaise expérience. Nous prenons vos commentaires très au sérieux.",3
4018,4017,"Votre satisfaction est importante, et nous espérons regagner votre confiance à l'avenir.",3
4019,4016,"Il est regrettable que vous ayez eu une mauvaise expérience. Nous prenons vos commentaires très au sérieux.",3
4020,4019,"Nous souhaitons discuter davantage avec vous pour rectifier la situation. N'hésitez pas à nous contacter.",3
4021,0,"Déçu par plusieurs aspects de mon séjour, je ne pense pas revenir.",3
4022,4021,"Il est regrettable que vous ayez eu une mauvaise expérience. Nous prenons vos commentaires très au sérieux.",3
4023,4022,"Nous souhaitons discuter davantage avec vous pour rectifier la situation. N'hésitez pas à nous contacter.",3
4024,4021,"Il est regrettable que vous ayez eu une mauvaise expérience. Nous prenons vos commentaires très au sérieux.",3
4025,4024,"Nous souhaitons discuter davantage avec vous pour rectifier la situation. N'hésitez pas à nous contacter.",3
4026,0,"Déçu par plusieurs aspects de mon séjour, je ne pense pas revenir.",3
4027,4026,"Il est regrettable que vous ayez eu une mauvaise expérience. Nous prenons vos commentaires très au sérieux.",3
4028,4027,"Nous souhaitons discuter davantage avec vous pour rectifier la situation. N'hésitez pas à nous contacter.",3
4029,4026,"Il est regrettable que vous ayez eu une mauvaise expérience. Nous prenons vos commentaires très au sérieux.",3
4030,4029,"Nous souhaitons discuter davantage avec vous pour rectifier la situation. N'hésitez pas à nous contacter.",3
4031,0,"Pas à la hauteur de mes attentes, surtout au niveau de l'accueil et des services.",3
4032,4031,"Il est regrettable que vous ayez eu une mauvaise expérience. Nous prenons vos commentaires très au sérieux.",3
4033,4032,"Nous souhaitons discuter davantage avec vous pour rectifier la situation. N'hésitez pas à nous contacter.",3
4034,4031,"Il est regrettable que vous ayez eu une mauvaise expérience. Nous prenons vos commentaires très au sérieux.",3
4035,4034,"Votre satisfaction est importante, et nous espérons regagner votre confiance à l'avenir.",3
4036,0,"Déçu par plusieurs aspects de mon séjour, je ne pense pas revenir.",3
4037,4036,"Nous sommes profondément désolés pour les désagréments rencontrés. Votre feedback est crucial pour nous.",3
4038,4037,"Nous souhaitons discuter davantage avec vous pour rectifier la situation. N'hésitez pas à nous contacter.",3
4039,4036,"Nous sommes profondément désolés pour les désagréments rencontrés. Votre feedback est crucial pour nous.",3
4040,4039,"Nous souhaitons discuter davantage avec vous pour rectifier la situation. N'hésitez pas à nous contacter.",3
4041,0,"Mauvaise expérience globale, service à revoir.",3
4042,4041,"Nous sommes profondément désolés pour les désagréments rencontrés. Votre feedback est crucial pour nous.",3
4043,4042,"Votre satisfaction est importante, et nous espérons regagner votre confiance à l'avenir.",3
4044,4041,"Nous sommes profondément désolés pour les désagréments rencontrés. Votre feedback est crucial pour nous.",3
4045,4044,"Nous souhaitons discuter davantage avec vous pour rectifier la situation. N'hésitez pas à nous contacter.",3
4046,0,"Pas à la hauteur de mes attentes, surtout au niveau de l'accueil et des services.",3
4047,4046,"Il est regrettable que vous ayez eu une mauvaise expérience. Nous prenons vos commentaires très au sérieux.",3
4048,4047,"Votre satisfaction est importante, et nous espérons regagner votre confiance à l'avenir.",3
4049,4046,"Il est regrettable que vous ayez eu une mauvaise expérience. Nous prenons vos commentaires très au sérieux.",3
4050,4049,"Nous souhaitons discuter davantage avec vous pour rectifier la situation. N'hésitez pas à nous contacter.",3
4051,0,"Pas à la hauteur de mes attentes, surtout au niveau de l'accueil et des services.",3
4052,4051,"Nous sommes profondément désolés pour les désagréments rencontrés. Votre feedback est crucial pour nous.",3
4053,4052,"Votre satisfaction est importante, et nous espérons regagner votre confiance à l'avenir.",3
4054,4051,"Nous sommes profondément désolés pour les désagréments rencontrés. Votre feedback est crucial pour nous.",3
4055,4054,"Votre satisfaction est importante, et nous espérons regagner votre confiance à l'avenir.",3
4056,0,"Pas à la hauteur de mes attentes, surtout au niveau de l'accueil et des services.",3
4057,4056,"Il est regrettable que vous ayez eu une mauvaise expérience. Nous prenons vos commentaires très au sérieux.",3
4058,4057,"Nous souhaitons discuter davantage avec vous pour rectifier la situation. N'hésitez pas à nous contacter.",3
4059,4056,"Il est regrettable que vous ayez eu une mauvaise expérience. Nous prenons vos commentaires très au sérieux.",3
4060,4059,"Votre satisfaction est importante, et nous espérons regagner votre confiance à l'avenir.",3
4061,0,"Pas à la hauteur de mes attentes, surtout au niveau de l'accueil et des services.",3
4062,4061,"Il est regrettable que vous ayez eu une mauvaise expérience. Nous prenons vos commentaires très au sérieux.",3
4063,4062,"Nous souhaitons discuter davantage avec vous pour rectifier la situation. N'hésitez pas à nous contacter.",3
4064,4061,"Nous sommes profondément désolés pour les désagréments rencontrés. Votre feedback est crucial pour nous.",3
4065,4064,"Votre satisfaction est importante, et nous espérons regagner votre confiance à l'avenir.",3
4066,0,"Mauvaise expérience globale, service à revoir.",3
4067,4066,"Il est regrettable que vous ayez eu une mauvaise expérience. Nous prenons vos commentaires très au sérieux.",3
4068,4067,"Votre satisfaction est importante, et nous espérons regagner votre confiance à l'avenir.",3
4069,4066,"Il est regrettable que vous ayez eu une mauvaise expérience. Nous prenons vos commentaires très au sérieux.",3
4070,4069,"Votre satisfaction est importante, et nous espérons regagner votre confiance à l'avenir.",3
4071,0,"Mauvaise expérience globale, service à revoir.",3
4072,4071,"Il est regrettable que vous ayez eu une mauvaise expérience. Nous prenons vos commentaires très au sérieux.",3
4073,4072,"Nous souhaitons discuter davantage avec vous pour rectifier la situation. N'hésitez pas à nous contacter.",3
4074,4071,"Nous sommes profondément désolés pour les désagréments rencontrés. Votre feedback est crucial pour nous.",3
4075,4074,"Nous souhaitons discuter davantage avec vous pour rectifier la situation. N'hésitez pas à nous contacter.",3
4076,0,"Déçu par plusieurs aspects de mon séjour, je ne pense pas revenir.",3
4077,4076,"Nous sommes profondément désolés pour les désagréments rencontrés. Votre feedback est crucial pour nous.",3
4078,4077,"Nous souhaitons discuter davantage avec vous pour rectifier la situation. N'hésitez pas à nous contacter.",3
4079,4076,"Il est regrettable que vous ayez eu une mauvaise expérience. Nous prenons vos commentaires très au sérieux.",3
4080,4079,"Nous souhaitons discuter davantage avec vous pour rectifier la situation. N'hésitez pas à nous contacter.",3
4081,0,"Pas à la hauteur de mes attentes, surtout au niveau de l'accueil et des services.",3
4082,4081,"Nous sommes profondément désolés pour les désagréments rencontrés. Votre feedback est crucial pour nous.",3
4083,4082,"Votre satisfaction est importante, et nous espérons regagner votre confiance à l'avenir.",3
4084,4081,"Il est regrettable que vous ayez eu une mauvaise expérience. Nous prenons vos commentaires très au sérieux.",3
4085,4084,"Nous souhaitons discuter davantage avec vous pour rectifier la situation. N'hésitez pas à nous contacter.",3
4086,0,"Déçu par plusieurs aspects de mon séjour, je ne pense pas revenir.",3
4087,4086,"Il est regrettable que vous ayez eu une mauvaise expérience. Nous prenons vos commentaires très au sérieux.",3
4088,4087,"Nous souhaitons discuter davantage avec vous pour rectifier la situation. N'hésitez pas à nous contacter.",3
4089,4086,"Nous sommes profondément désolés pour les désagréments rencontrés. Votre feedback est crucial pour nous.",3
4090,4089,"Votre satisfaction est importante, et nous espérons regagner votre confiance à l'avenir.",3
4091,0,"Déçu par plusieurs aspects de mon séjour, je ne pense pas revenir.",3
4092,4091,"Il est regrettable que vous ayez eu une mauvaise expérience. Nous prenons vos commentaires très au sérieux.",3
4093,4092,"Votre satisfaction est importante, et nous espérons regagner votre confiance à l'avenir.",3
4094,4091,"Il est regrettable que vous ayez eu une mauvaise expérience. Nous prenons vos commentaires très au sérieux.",3
4095,4094,"Votre satisfaction est importante, et nous espérons regagner votre confiance à l'avenir.",3
4096,0,"Mauvaise expérience globale, service à revoir.",3
4097,4096,"Nous sommes profondément désolés pour les désagréments rencontrés. Votre feedback est crucial pour nous.",3
4098,4097,"Votre satisfaction est importante, et nous espérons regagner votre confiance à l'avenir.",3
4099,4096,"Nous sommes profondément désolés pour les désagréments rencontrés. Votre feedback est crucial pour nous.",3
4100,4099,"Nous souhaitons discuter davantage avec vous pour rectifier la situation. N'hésitez pas à nous contacter.",3
4101,0,"Mauvaise expérience globale, service à revoir.",3
4102,4101,"Il est regrettable que vous ayez eu une mauvaise expérience. Nous prenons vos commentaires très au sérieux.",3
4103,4102,"Nous souhaitons discuter davantage avec vous pour rectifier la situation. N'hésitez pas à nous contacter.",3
4104,4101,"Nous sommes profondément désolés pour les désagréments rencontrés. Votre feedback est crucial pour nous.",3
4105,4104,"Nous souhaitons discuter davantage avec vous pour rectifier la situation. N'hésitez pas à nous contacter.",3
4106,0,"Mauvaise expérience globale, service à revoir.",3
4107,4106,"Il est regrettable que vous ayez eu une mauvaise expérience. Nous prenons vos commentaires très au sérieux.",3
4108,4107,"Votre satisfaction est importante, et nous espérons regagner votre confiance à l'avenir.",3
4109,4106,"Nous sommes profondément désolés pour les désagréments rencontrés. Votre feedback est crucial pour nous.",3
4110,4109,"Nous souhaitons discuter davantage avec vous pour rectifier la situation. N'hésitez pas à nous contacter.",3
4111,0,"Mauvaise expérience globale, service à revoir.",3
4112,4111,"Il est regrettable que vous ayez eu une mauvaise expérience. Nous prenons vos commentaires très au sérieux.",3
4113,4112,"Nous souhaitons discuter davantage avec vous pour rectifier la situation. N'hésitez pas à nous contacter.",3
4114,4111,"Nous sommes profondément désolés pour les désagréments rencontrés. Votre feedback est crucial pour nous.",3
4115,4114,"Nous souhaitons discuter davantage avec vous pour rectifier la situation. N'hésitez pas à nous contacter.",3
4116,0,"Pas à la hauteur de mes attentes, surtout au niveau de l'accueil et des services.",3
4117,4116,"Nous sommes profondément désolés pour les désagréments rencontrés. Votre feedback est crucial pour nous.",3
4118,4117,"Nous souhaitons discuter davantage avec vous pour rectifier la situation. N'hésitez pas à nous contacter.",3
4119,4116,"Il est regrettable que vous ayez eu une mauvaise expérience. Nous prenons vos commentaires très au sérieux.",3
4120,4119,"Votre satisfaction est importante, et nous espérons regagner votre confiance à l'avenir.",3
4121,0,"Mauvaise expérience globale, service à revoir.",3
4122,4121,"Il est regrettable que vous ayez eu une mauvaise expérience. Nous prenons vos commentaires très au sérieux.",3
4123,4122,"Nous souhaitons discuter davantage avec vous pour rectifier la situation. N'hésitez pas à nous contacter.",3
4124,4121,"Il est regrettable que vous ayez eu une mauvaise expérience. Nous prenons vos commentaires très au sérieux.",3
4125,4124,"Votre satisfaction est importante, et nous espérons regagner votre confiance à l'avenir.",3
4126,0,"Déçu par plusieurs aspects de mon séjour, je ne pense pas revenir.",3
4127,4126,"Il est regrettable que vous ayez eu une mauvaise expérience. Nous prenons vos commentaires très au sérieux.",3
4128,4127,"Nous souhaitons discuter davantage avec vous pour rectifier la situation. N'hésitez pas à nous contacter.",3
4129,4126,"Nous sommes profondément désolés pour les désagréments rencontrés. Votre feedback est crucial pour nous.",3
4130,4129,"Nous souhaitons discuter davantage avec vous pour rectifier la situation. N'hésitez pas à nous contacter.",3
4131,0,"Pas à la hauteur de mes attentes, surtout au niveau de l'accueil et des services.",3
4132,4131,"Il est regrettable que vous ayez eu une mauvaise expérience. Nous prenons vos commentaires très au sérieux.",3
4133,4132,"Nous souhaitons discuter davantage avec vous pour rectifier la situation. N'hésitez pas à nous contacter.",3
4134,4131,"Nous sommes profondément désolés pour les désagréments rencontrés. Votre feedback est crucial pour nous.",3
4135,4134,"Votre satisfaction est importante, et nous espérons regagner votre confiance à l'avenir.",3
4136,0,"Mauvaise expérience globale, service à revoir.",3
4137,4136,"Il est regrettable que vous ayez eu une mauvaise expérience. Nous prenons vos commentaires très au sérieux.",3
4138,4137,"Nous souhaitons discuter davantage avec vous pour rectifier la situation. N'hésitez pas à nous contacter.",3
4139,4136,"Il est regrettable que vous ayez eu une mauvaise expérience. Nous prenons vos commentaires très au sérieux.",3
4140,4139,"Nous souhaitons discuter davantage avec vous pour rectifier la situation. N'hésitez pas à nous contacter.",3
4141,0,"Déçu par plusieurs aspects de mon séjour, je ne pense pas revenir.",3
4142,4141,"Nous sommes profondément désolés pour les désagréments rencontrés. Votre feedback est crucial pour nous.",3
4143,4142,"Votre satisfaction est importante, et nous espérons regagner votre confiance à l'avenir.",3
4144,4141,"Nous sommes profondément désolés pour les désagréments rencontrés. Votre feedback est crucial pour nous.",3
4145,4144,"Nous souhaitons discuter davantage avec vous pour rectifier la situation. N'hésitez pas à nous contacter.",3
4146,0,"Mauvaise expérience globale, service à revoir.",3
4147,4146,"Nous sommes profondément désolés pour les désagréments rencontrés. Votre feedback est crucial pour nous.",3
4148,4147,"Nous souhaitons discuter davantage avec vous pour rectifier la situation. N'hésitez pas à nous contacter.",3
4149,4146,"Il est regrettable que vous ayez eu une mauvaise expérience. Nous prenons vos commentaires très au sérieux.",3
4150,4149,"Votre satisfaction est importante, et nous espérons regagner votre confiance à l'avenir.",3
4151,0,"Mauvaise expérience globale, service à revoir.",3
4152,4151,"Il est regrettable que vous ayez eu une mauvaise expérience. Nous prenons vos commentaires très au sérieux.",3
4153,4152,"Votre satisfaction est importante, et nous espérons regagner votre confiance à l'avenir.",3
4154,4151,"Il est regrettable que vous ayez eu une mauvaise expérience. Nous prenons vos commentaires très au sérieux.",3
4155,4154,"Votre satisfaction est importante, et nous espérons regagner votre confiance à l'avenir.",3
4156,0,"Déçu par plusieurs aspects de mon séjour, je ne pense pas revenir.",3
4157,4156,"Il est regrettable que vous ayez eu une mauvaise expérience. Nous prenons vos commentaires très au sérieux.",3
4158,4157,"Nous souhaitons discuter davantage avec vous pour rectifier la situation. N'hésitez pas à nous contacter.",3
4159,4156,"Il est regrettable que vous ayez eu une mauvaise expérience. Nous prenons vos commentaires très au sérieux.",3
4160,4159,"Votre satisfaction est importante, et nous espérons regagner votre confiance à l'avenir.",3
4161,0,"Pas à la hauteur de mes attentes, surtout au niveau de l'accueil et des services.",3
4162,4161,"Nous sommes profondément désolés pour les désagréments rencontrés. Votre feedback est crucial pour nous.",3
4163,4162,"Votre satisfaction est importante, et nous espérons regagner votre confiance à l'avenir.",3
4164,4161,"Il est regrettable que vous ayez eu une mauvaise expérience. Nous prenons vos commentaires très au sérieux.",3
4165,4164,"Nous souhaitons discuter davantage avec vous pour rectifier la situation. N'hésitez pas à nous contacter.",3
4166,0,"Mauvaise expérience globale, service à revoir.",3
4167,4166,"Il est regrettable que vous ayez eu une mauvaise expérience. Nous prenons vos commentaires très au sérieux.",3
4168,4167,"Nous souhaitons discuter davantage avec vous pour rectifier la situation. N'hésitez pas à nous contacter.",3
4169,4166,"Il est regrettable que vous ayez eu une mauvaise expérience. Nous prenons vos commentaires très au sérieux.",3
4170,4169,"Votre satisfaction est importante, et nous espérons regagner votre confiance à l'avenir.",3
4171,0,"Pas à la hauteur de mes attentes, surtout au niveau de l'accueil et des services.",3
4172,4171,"Il est regrettable que vous ayez eu une mauvaise expérience. Nous prenons vos commentaires très au sérieux.",3
4173,4172,"Nous souhaitons discuter davantage avec vous pour rectifier la situation. N'hésitez pas à nous contacter.",3
4174,4171,"Nous sommes profondément désolés pour les désagréments rencontrés. Votre feedback est crucial pour nous.",3
4175,4174,"Nous souhaitons discuter davantage avec vous pour rectifier la situation. N'hésitez pas à nous contacter.",3
4176,0,"Mauvaise expérience globale, service à revoir.",3
4177,4176,"Nous sommes profondément désolés pour les désagréments rencontrés. Votre feedback est crucial pour nous.",3
4178,4177,"Votre satisfaction est importante, et nous espérons regagner votre confiance à l'avenir.",3
4179,4176,"Nous sommes profondément désolés pour les désagréments rencontrés. Votre feedback est crucial pour nous.",3
4180,4179,"Nous souhaitons discuter davantage avec vous pour rectifier la situation. N'hésitez pas à nous contacter.",3
4181,0,"Déçu par plusieurs aspects de mon séjour, je ne pense pas revenir.",3
4182,4181,"Nous sommes profondément désolés pour les désagréments rencontrés. Votre feedback est crucial pour nous.",3
4183,4182,"Votre satisfaction est importante, et nous espérons regagner votre confiance à l'avenir.",3
4184,4181,"Nous sommes profondément désolés pour les désagréments rencontrés. Votre feedback est crucial pour nous.",3
4185,4184,"Nous souhaitons discuter davantage avec vous pour rectifier la situation. N'hésitez pas à nous contacter.",3
4186,0,"Mauvaise expérience globale, service à revoir.",3
4187,4186,"Nous sommes profondément désolés pour les désagréments rencontrés. Votre feedback est crucial pour nous.",3
4188,4187,"Nous souhaitons discuter davantage avec vous pour rectifier la situation. N'hésitez pas à nous contacter.",3
4189,4186,"Nous sommes profondément désolés pour les désagréments rencontrés. Votre feedback est crucial pour nous.",3
4190,4189,"Votre satisfaction est importante, et nous espérons regagner votre confiance à l'avenir.",3
4191,0,"Pas à la hauteur de mes attentes, surtout au niveau de l'accueil et des services.",3
4192,4191,"Il est regrettable que vous ayez eu une mauvaise expérience. Nous prenons vos commentaires très au sérieux.",3
4193,4192,"Nous souhaitons discuter davantage avec vous pour rectifier la situation. N'hésitez pas à nous contacter.",3
4194,4191,"Il est regrettable que vous ayez eu une mauvaise expérience. Nous prenons vos commentaires très au sérieux.",3
4195,4194,"Nous souhaitons discuter davantage avec vous pour rectifier la situation. N'hésitez pas à nous contacter.",3
4196,0,"Déçu par plusieurs aspects de mon séjour, je ne pense pas revenir.",3
4197,4196,"Il est regrettable que vous ayez eu une mauvaise expérience. Nous prenons vos commentaires très au sérieux.",3
4198,4197,"Nous souhaitons discuter davantage avec vous pour rectifier la situation. N'hésitez pas à nous contacter.",3
4199,4196,"Il est regrettable que vous ayez eu une mauvaise expérience. Nous prenons vos commentaires très au sérieux.",3
4200,4199,"Nous souhaitons discuter davantage avec vous pour rectifier la situation. N'hésitez pas à nous contacter.",3
4201,0,"Pas à la hauteur de mes attentes, surtout au niveau de l'accueil et des services.",3
4202,4201,"Nous sommes profondément désolés pour les désagréments rencontrés. Votre feedback est crucial pour nous.",3
4203,4202,"Nous souhaitons discuter davantage avec vous pour rectifier la situation. N'hésitez pas à nous contacter.",3
4204,4201,"Il est regrettable que vous ayez eu une mauvaise expérience. Nous prenons vos commentaires très au sérieux.",3
4205,4204,"Nous souhaitons discuter davantage avec vous pour rectifier la situation. N'hésitez pas à nous contacter.",3
4206,0,"Pas à la hauteur de mes attentes, surtout au niveau de l'accueil et des services.",3
4207,4206,"Il est regrettable que vous ayez eu une mauvaise expérience. Nous prenons vos commentaires très au sérieux.",3
4208,4207,"Votre satisfaction est importante, et nous espérons regagner votre confiance à l'avenir.",3
4209,4206,"Il est regrettable que vous ayez eu une mauvaise expérience. Nous prenons vos commentaires très au sérieux.",3
4210,4209,"Nous souhaitons discuter davantage avec vous pour rectifier la situation. N'hésitez pas à nous contacter.",3
4211,0,"Mauvaise expérience globale, service à revoir.",3
4212,4211,"Il est regrettable que vous ayez eu une mauvaise expérience. Nous prenons vos commentaires très au sérieux.",3
4213,4212,"Votre satisfaction est importante, et nous espérons regagner votre confiance à l'avenir.",3
4214,4211,"Nous sommes profondément désolés pour les désagréments rencontrés. Votre feedback est crucial pour nous.",3
4215,4214,"Nous souhaitons discuter davantage avec vous pour rectifier la situation. N'hésitez pas à nous contacter.",3
4216,0,"Pas à la hauteur de mes attentes, surtout au niveau de l'accueil et des services.",3
4217,4216,"Nous sommes profondément désolés pour les désagréments rencontrés. Votre feedback est crucial pour nous.",3
4218,4217,"Votre satisfaction est importante, et nous espérons regagner votre confiance à l'avenir.",3
4219,4216,"Nous sommes profondément désolés pour les désagréments rencontrés. Votre feedback est crucial pour nous.",3
4220,4219,"Nous souhaitons discuter davantage avec vous pour rectifier la situation. N'hésitez pas à nous contacter.",3
4221,0,"Déçu par plusieurs aspects de mon séjour, je ne pense pas revenir.",3
4222,4221,"Nous sommes profondément désolés pour les désagréments rencontrés. Votre feedback est crucial pour nous.",3
4223,4222,"Votre satisfaction est importante, et nous espérons regagner votre confiance à l'avenir.",3
4224,4221,"Nous sommes profondément désolés pour les désagréments rencontrés. Votre feedback est crucial pour nous.",3
4225,4224,"Nous souhaitons discuter davantage avec vous pour rectifier la situation. N'hésitez pas à nous contacter.",3
4226,0,"Déçu par plusieurs aspects de mon séjour, je ne pense pas revenir.",3
4227,4226,"Il est regrettable que vous ayez eu une mauvaise expérience. Nous prenons vos commentaires très au sérieux.",3
4228,4227,"Nous souhaitons discuter davantage avec vous pour rectifier la situation. N'hésitez pas à nous contacter.",3
4229,4226,"Il est regrettable que vous ayez eu une mauvaise expérience. Nous prenons vos commentaires très au sérieux.",3
4230,4229,"Votre satisfaction est importante, et nous espérons regagner votre confiance à l'avenir.",3
4231,0,"Déçu par plusieurs aspects de mon séjour, je ne pense pas revenir.",3
4232,4231,"Nous sommes profondément désolés pour les désagréments rencontrés. Votre feedback est crucial pour nous.",3
4233,4232,"Votre satisfaction est importante, et nous espérons regagner votre confiance à l'avenir.",3
4234,4231,"Il est regrettable que vous ayez eu une mauvaise expérience. Nous prenons vos commentaires très au sérieux.",3
4235,4234,"Nous souhaitons discuter davantage avec vous pour rectifier la situation. N'hésitez pas à nous contacter.",3
4236,0,"Mauvaise expérience globale, service à revoir.",3
4237,4236,"Nous sommes profondément désolés pour les désagréments rencontrés. Votre feedback est crucial pour nous.",3
4238,4237,"Votre satisfaction est importante, et nous espérons regagner votre confiance à l'avenir.",3
4239,4236,"Il est regrettable que vous ayez eu une mauvaise expérience. Nous prenons vos commentaires très au sérieux.",3
4240,4239,"Nous souhaitons discuter davantage avec vous pour rectifier la situation. N'hésitez pas à nous contacter.",3
4241,0,"Pas à la hauteur de mes attentes, surtout au niveau de l'accueil et des services.",3
4242,4241,"Nous sommes profondément désolés pour les désagréments rencontrés. Votre feedback est crucial pour nous.",3
4243,4242,"Votre satisfaction est importante, et nous espérons regagner votre confiance à l'avenir.",3
4244,4241,"Il est regrettable que vous ayez eu une mauvaise expérience. Nous prenons vos commentaires très au sérieux.",3
4245,4244,"Votre satisfaction est importante, et nous espérons regagner votre confiance à l'avenir.",3
4246,0,"Déçu par plusieurs aspects de mon séjour, je ne pense pas revenir.",3
4247,4246,"Il est regrettable que vous ayez eu une mauvaise expérience. Nous prenons vos commentaires très au sérieux.",3
4248,4247,"Nous souhaitons discuter davantage avec vous pour rectifier la situation. N'hésitez pas à nous contacter.",3
4249,4246,"Il est regrettable que vous ayez eu une mauvaise expérience. Nous prenons vos commentaires très au sérieux.",3
4250,4249,"Nous souhaitons discuter davantage avec vous pour rectifier la situation. N'hésitez pas à nous contacter.",3
4251,0,"Mauvaise expérience globale, service à revoir.",3
4252,4251,"Nous sommes profondément désolés pour les désagréments rencontrés. Votre feedback est crucial pour nous.",3
4253,4252,"Nous souhaitons discuter davantage avec vous pour rectifier la situation. N'hésitez pas à nous contacter.",3
4254,4251,"Il est regrettable que vous ayez eu une mauvaise expérience. Nous prenons vos commentaires très au sérieux.",3
4255,4254,"Nous souhaitons discuter davantage avec vous pour rectifier la situation. N'hésitez pas à nous contacter.",3
4256,0,"Mauvaise expérience globale, service à revoir.",3
4257,4256,"Nous sommes profondément désolés pour les désagréments rencontrés. Votre feedback est crucial pour nous.",3
4258,4257,"Nous souhaitons discuter davantage avec vous pour rectifier la situation. N'hésitez pas à nous contacter.",3
4259,4256,"Il est regrettable que vous ayez eu une mauvaise expérience. Nous prenons vos commentaires très au sérieux.",3
4260,4259,"Nous souhaitons discuter davantage avec vous pour rectifier la situation. N'hésitez pas à nous contacter.",3
4261,0,"Mauvaise expérience globale, service à revoir.",3
4262,4261,"Nous sommes profondément désolés pour les désagréments rencontrés. Votre feedback est crucial pour nous.",3
4263,4262,"Votre satisfaction est importante, et nous espérons regagner votre confiance à l'avenir.",3
4264,4261,"Nous sommes profondément désolés pour les désagréments rencontrés. Votre feedback est crucial pour nous.",3
4265,4264,"Votre satisfaction est importante, et nous espérons regagner votre confiance à l'avenir.",3
4266,0,"Pas à la hauteur de mes attentes, surtout au niveau de l'accueil et des services.",3
4267,4266,"Il est regrettable que vous ayez eu une mauvaise expérience. Nous prenons vos commentaires très au sérieux.",3
4268,4267,"Votre satisfaction est importante, et nous espérons regagner votre confiance à l'avenir.",3
4269,4266,"Il est regrettable que vous ayez eu une mauvaise expérience. Nous prenons vos commentaires très au sérieux.",3
4270,4269,"Nous souhaitons discuter davantage avec vous pour rectifier la situation. N'hésitez pas à nous contacter.",3
4271,0,"Pas à la hauteur de mes attentes, surtout au niveau de l'accueil et des services.",3
4272,4271,"Il est regrettable que vous ayez eu une mauvaise expérience. Nous prenons vos commentaires très au sérieux.",3
4273,4272,"Nous souhaitons discuter davantage avec vous pour rectifier la situation. N'hésitez pas à nous contacter.",3
4274,4271,"Nous sommes profondément désolés pour les désagréments rencontrés. Votre feedback est crucial pour nous.",3
4275,4274,"Votre satisfaction est importante, et nous espérons regagner votre confiance à l'avenir.",3
4276,0,"Déçu par plusieurs aspects de mon séjour, je ne pense pas revenir.",3
4277,4276,"Il est regrettable que vous ayez eu une mauvaise expérience. Nous prenons vos commentaires très au sérieux.",3
4278,4277,"Nous souhaitons discuter davantage avec vous pour rectifier la situation. N'hésitez pas à nous contacter.",3
4279,4276,"Il est regrettable que vous ayez eu une mauvaise expérience. Nous prenons vos commentaires très au sérieux.",3
4280,4279,"Votre satisfaction est importante, et nous espérons regagner votre confiance à l'avenir.",3
4281,0,"Mauvaise expérience globale, service à revoir.",3
4282,4281,"Nous sommes profondément désolés pour les désagréments rencontrés. Votre feedback est crucial pour nous.",3
4283,4282,"Votre satisfaction est importante, et nous espérons regagner votre confiance à l'avenir.",3
4284,4281,"Nous sommes profondément désolés pour les désagréments rencontrés. Votre feedback est crucial pour nous.",3
4285,4284,"Nous souhaitons discuter davantage avec vous pour rectifier la situation. N'hésitez pas à nous contacter.",3
4286,0,"Mauvaise expérience globale, service à revoir.",3
4287,4286,"Nous sommes profondément désolés pour les désagréments rencontrés. Votre feedback est crucial pour nous.",3
4288,4287,"Nous souhaitons discuter davantage avec vous pour rectifier la situation. N'hésitez pas à nous contacter.",3
4289,4286,"Il est regrettable que vous ayez eu une mauvaise expérience. Nous prenons vos commentaires très au sérieux.",3
4290,4289,"Nous souhaitons discuter davantage avec vous pour rectifier la situation. N'hésitez pas à nous contacter.",3
4291,0,"Mauvaise expérience globale, service à revoir.",3
4292,4291,"Il est regrettable que vous ayez eu une mauvaise expérience. Nous prenons vos commentaires très au sérieux.",3
4293,4292,"Votre satisfaction est importante, et nous espérons regagner votre confiance à l'avenir.",3
4294,4291,"Nous sommes profondément désolés pour les désagréments rencontrés. Votre feedback est crucial pour nous.",3
4295,4294,"Nous souhaitons discuter davantage avec vous pour rectifier la situation. N'hésitez pas à nous contacter.",3
4296,0,"Mauvaise expérience globale, service à revoir.",3
4297,4296,"Nous sommes profondément désolés pour les désagréments rencontrés. Votre feedback est crucial pour nous.",3
4298,4297,"Votre satisfaction est importante, et nous espérons regagner votre confiance à l'avenir.",3
4299,4296,"Nous sommes profondément désolés pour les désagréments rencontrés. Votre feedback est crucial pour nous.",3
4300,4299,"Votre satisfaction est importante, et nous espérons regagner votre confiance à l'avenir.",3
4301,0,"Mauvaise expérience globale, service à revoir.",3
4302,4301,"Il est regrettable que vous ayez eu une mauvaise expérience. Nous prenons vos commentaires très au sérieux.",3
4303,4302,"Nous souhaitons discuter davantage avec vous pour rectifier la situation. N'hésitez pas à nous contacter.",3
4304,4301,"Il est regrettable que vous ayez eu une mauvaise expérience. Nous prenons vos commentaires très au sérieux.",3
4305,4304,"Nous souhaitons discuter davantage avec vous pour rectifier la situation. N'hésitez pas à nous contacter.",3
4306,0,"Mauvaise expérience globale, service à revoir.",3
4307,4306,"Il est regrettable que vous ayez eu une mauvaise expérience. Nous prenons vos commentaires très au sérieux.",3
4308,4307,"Votre satisfaction est importante, et nous espérons regagner votre confiance à l'avenir.",3
4309,4306,"Il est regrettable que vous ayez eu une mauvaise expérience. Nous prenons vos commentaires très au sérieux.",3
4310,4309,"Nous souhaitons discuter davantage avec vous pour rectifier la situation. N'hésitez pas à nous contacter.",3
4311,0,"Mauvaise expérience globale, service à revoir.",3
4312,4311,"Il est regrettable que vous ayez eu une mauvaise expérience. Nous prenons vos commentaires très au sérieux.",3
4313,4312,"Votre satisfaction est importante, et nous espérons regagner votre confiance à l'avenir.",3
4314,4311,"Nous sommes profondément désolés pour les désagréments rencontrés. Votre feedback est crucial pour nous.",3
4315,4314,"Votre satisfaction est importante, et nous espérons regagner votre confiance à l'avenir.",3
4316,0,"Pas à la hauteur de mes attentes, surtout au niveau de l'accueil et des services.",3
4317,4316,"Il est regrettable que vous ayez eu une mauvaise expérience. Nous prenons vos commentaires très au sérieux.",3
4318,4317,"Nous souhaitons discuter davantage avec vous pour rectifier la situation. N'hésitez pas à nous contacter.",3
4319,4316,"Il est regrettable que vous ayez eu une mauvaise expérience. Nous prenons vos commentaires très au sérieux.",3
4320,4319,"Votre satisfaction est importante, et nous espérons regagner votre confiance à l'avenir.",3
4321,0,"Pas à la hauteur de mes attentes, surtout au niveau de l'accueil et des services.",3
4322,4321,"Nous sommes profondément désolés pour les désagréments rencontrés. Votre feedback est crucial pour nous.",3
4323,4322,"Votre satisfaction est importante, et nous espérons regagner votre confiance à l'avenir.",3
4324,4321,"Nous sommes profondément désolés pour les désagréments rencontrés. Votre feedback est crucial pour nous.",3
4325,4324,"Votre satisfaction est importante, et nous espérons regagner votre confiance à l'avenir.",3
4326,0,"Mauvaise expérience globale, service à revoir.",3
4327,4326,"Il est regrettable que vous ayez eu une mauvaise expérience. Nous prenons vos commentaires très au sérieux.",3
4328,4327,"Votre satisfaction est importante, et nous espérons regagner votre confiance à l'avenir.",3
4329,4326,"Il est regrettable que vous ayez eu une mauvaise expérience. Nous prenons vos commentaires très au sérieux.",3
4330,4329,"Nous souhaitons discuter davantage avec vous pour rectifier la situation. N'hésitez pas à nous contacter.",3
4331,0,"Pas à la hauteur de mes attentes, surtout au niveau de l'accueil et des services.",3
4332,4331,"Il est regrettable que vous ayez eu une mauvaise expérience. Nous prenons vos commentaires très au sérieux.",3
4333,4332,"Nous souhaitons discuter davantage avec vous pour rectifier la situation. N'hésitez pas à nous contacter.",3
4334,4331,"Nous sommes profondément désolés pour les désagréments rencontrés. Votre feedback est crucial pour nous.",3
4335,4334,"Votre satisfaction est importante, et nous espérons regagner votre confiance à l'avenir.",3
4336,0,"Déçu par plusieurs aspects de mon séjour, je ne pense pas revenir.",3
4337,4336,"Nous sommes profondément désolés pour les désagréments rencontrés. Votre feedback est crucial pour nous.",3
4338,4337,"Votre satisfaction est importante, et nous espérons regagner votre confiance à l'avenir.",3
4339,4336,"Il est regrettable que vous ayez eu une mauvaise expérience. Nous prenons vos commentaires très au sérieux.",3
4340,4339,"Nous souhaitons discuter davantage avec vous pour rectifier la situation. N'hésitez pas à nous contacter.",3
4341,0,"Déçu par plusieurs aspects de mon séjour, je ne pense pas revenir.",3
4342,4341,"Nous sommes profondément désolés pour les désagréments rencontrés. Votre feedback est crucial pour nous.",3
4343,4342,"Votre satisfaction est importante, et nous espérons regagner votre confiance à l'avenir.",3
4344,4341,"Nous sommes profondément désolés pour les désagréments rencontrés. Votre feedback est crucial pour nous.",3
4345,4344,"Votre satisfaction est importante, et nous espérons regagner votre confiance à l'avenir.",3
4346,0,"Mauvaise expérience globale, service à revoir.",3
4347,4346,"Il est regrettable que vous ayez eu une mauvaise expérience. Nous prenons vos commentaires très au sérieux.",3
4348,4347,"Votre satisfaction est importante, et nous espérons regagner votre confiance à l'avenir.",3
4349,4346,"Nous sommes profondément désolés pour les désagréments rencontrés. Votre feedback est crucial pour nous.",3
4350,4349,"Nous souhaitons discuter davantage avec vous pour rectifier la situation. N'hésitez pas à nous contacter.",3
4351,0,"Déçu par plusieurs aspects de mon séjour, je ne pense pas revenir.",3
4352,4351,"Nous sommes profondément désolés pour les désagréments rencontrés. Votre feedback est crucial pour nous.",3
4353,4352,"Votre satisfaction est importante, et nous espérons regagner votre confiance à l'avenir.",3
4354,4351,"Nous sommes profondément désolés pour les désagréments rencontrés. Votre feedback est crucial pour nous.",3
4355,4354,"Votre satisfaction est importante, et nous espérons regagner votre confiance à l'avenir.",3
4356,0,"Déçu par plusieurs aspects de mon séjour, je ne pense pas revenir.",3
4357,4356,"Il est regrettable que vous ayez eu une mauvaise expérience. Nous prenons vos commentaires très au sérieux.",3
4358,4357,"Votre satisfaction est importante, et nous espérons regagner votre confiance à l'avenir.",3
4359,4356,"Il est regrettable que vous ayez eu une mauvaise expérience. Nous prenons vos commentaires très au sérieux.",3
4360,4359,"Votre satisfaction est importante, et nous espérons regagner votre confiance à l'avenir.",3
4361,0,"Mauvaise expérience globale, service à revoir.",3
4362,4361,"Nous sommes profondément désolés pour les désagréments rencontrés. Votre feedback est crucial pour nous.",3
4363,4362,"Nous souhaitons discuter davantage avec vous pour rectifier la situation. N'hésitez pas à nous contacter.",3
4364,4361,"Il est regrettable que vous ayez eu une mauvaise expérience. Nous prenons vos commentaires très au sérieux.",3
4365,4364,"Votre satisfaction est importante, et nous espérons regagner votre confiance à l'avenir.",3
4366,0,"Pas à la hauteur de mes attentes, surtout au niveau de l'accueil et des services.",3
4367,4366,"Il est regrettable que vous ayez eu une mauvaise expérience. Nous prenons vos commentaires très au sérieux.",3
4368,4367,"Votre satisfaction est importante, et nous espérons regagner votre confiance à l'avenir.",3
4369,4366,"Il est regrettable que vous ayez eu une mauvaise expérience. Nous prenons vos commentaires très au sérieux.",3
4370,4369,"Votre satisfaction est importante, et nous espérons regagner votre confiance à l'avenir.",3
4371,0,"Pas à la hauteur de mes attentes, surtout au niveau de l'accueil et des services.",3
4372,4371,"Nous sommes profondément désolés pour les désagréments rencontrés. Votre feedback est crucial pour nous.",3
4373,4372,"Nous souhaitons discuter davantage avec vous pour rectifier la situation. N'hésitez pas à nous contacter.",3
4374,4371,"Nous sommes profondément désolés pour les désagréments rencontrés. Votre feedback est crucial pour nous.",3
4375,4374,"Nous souhaitons discuter davantage avec vous pour rectifier la situation. N'hésitez pas à nous contacter.",3
4376,0,"Mauvaise expérience globale, service à revoir.",3
4377,4376,"Il est regrettable que vous ayez eu une mauvaise expérience. Nous prenons vos commentaires très au sérieux.",3
4378,4377,"Votre satisfaction est importante, et nous espérons regagner votre confiance à l'avenir.",3
4379,4376,"Il est regrettable que vous ayez eu une mauvaise expérience. Nous prenons vos commentaires très au sérieux.",3
4380,4379,"Nous souhaitons discuter davantage avec vous pour rectifier la situation. N'hésitez pas à nous contacter.",3
4381,0,"Mauvaise expérience globale, service à revoir.",3
4382,4381,"Nous sommes profondément désolés pour les désagréments rencontrés. Votre feedback est crucial pour nous.",3
4383,4382,"Votre satisfaction est importante, et nous espérons regagner votre confiance à l'avenir.",3
4384,4381,"Il est regrettable que vous ayez eu une mauvaise expérience. Nous prenons vos commentaires très au sérieux.",3
4385,4384,"Nous souhaitons discuter davantage avec vous pour rectifier la situation. N'hésitez pas à nous contacter.",3
4386,0,"Pas à la hauteur de mes attentes, surtout au niveau de l'accueil et des services.",3
4387,4386,"Nous sommes profondément désolés pour les désagréments rencontrés. Votre feedback est crucial pour nous.",3
4388,4387,"Votre satisfaction est importante, et nous espérons regagner votre confiance à l'avenir.",3
4389,4386,"Nous sommes profondément désolés pour les désagréments rencontrés. Votre feedback est crucial pour nous.",3
4390,4389,"Votre satisfaction est importante, et nous espérons regagner votre confiance à l'avenir.",3
4391,0,"Pas à la hauteur de mes attentes, surtout au niveau de l'accueil et des services.",3
4392,4391,"Il est regrettable que vous ayez eu une mauvaise expérience. Nous prenons vos commentaires très au sérieux.",3
4393,4392,"Nous souhaitons discuter davantage avec vous pour rectifier la situation. N'hésitez pas à nous contacter.",3
4394,4391,"Nous sommes profondément désolés pour les désagréments rencontrés. Votre feedback est crucial pour nous.",3
4395,4394,"Votre satisfaction est importante, et nous espérons regagner votre confiance à l'avenir.",3
4396,0,"Pas à la hauteur de mes attentes, surtout au niveau de l'accueil et des services.",3
4397,4396,"Nous sommes profondément désolés pour les désagréments rencontrés. Votre feedback est crucial pour nous.",3
4398,4397,"Nous souhaitons discuter davantage avec vous pour rectifier la situation. N'hésitez pas à nous contacter.",3
4399,4396,"Il est regrettable que vous ayez eu une mauvaise expérience. Nous prenons vos commentaires très au sérieux.",3
4400,4399,"Votre satisfaction est importante, et nous espérons regagner votre confiance à l'avenir.",3
4401,0,"Déçu par plusieurs aspects de mon séjour, je ne pense pas revenir.",3
4402,4401,"Il est regrettable que vous ayez eu une mauvaise expérience. Nous prenons vos commentaires très au sérieux.",3
4403,4402,"Nous souhaitons discuter davantage avec vous pour rectifier la situation. N'hésitez pas à nous contacter.",3
4404,4401,"Nous sommes profondément désolés pour les désagréments rencontrés. Votre feedback est crucial pour nous.",3
4405,4404,"Votre satisfaction est importante, et nous espérons regagner votre confiance à l'avenir.",3
4406,0,"Déçu par plusieurs aspects de mon séjour, je ne pense pas revenir.",3
4407,4406,"Il est regrettable que vous ayez eu une mauvaise expérience. Nous prenons vos commentaires très au sérieux.",3
4408,4407,"Nous souhaitons discuter davantage avec vous pour rectifier la situation. N'hésitez pas à nous contacter.",3
4409,4406,"Il est regrettable que vous ayez eu une mauvaise expérience. Nous prenons vos commentaires très au sérieux.",3
4410,4409,"Votre satisfaction est importante, et nous espérons regagner votre confiance à l'avenir.",3
4411,0,"Pas à la hauteur de mes attentes, surtout au niveau de l'accueil et des services.",3
4412,4411,"Il est regrettable que vous ayez eu une mauvaise expérience. Nous prenons vos commentaires très au sérieux.",3
4413,4412,"Nous souhaitons discuter davantage avec vous pour rectifier la situation. N'hésitez pas à nous contacter.",3
4414,4411,"Nous sommes profondément désolés pour les désagréments rencontrés. Votre feedback est crucial pour nous.",3
4415,4414,"Votre satisfaction est importante, et nous espérons regagner votre confiance à l'avenir.",3
4416,0,"Mauvaise expérience globale, service à revoir.",3
4417,4416,"Nous sommes profondément désolés pour les désagréments rencontrés. Votre feedback est crucial pour nous.",3
4418,4417,"Votre satisfaction est importante, et nous espérons regagner votre confiance à l'avenir.",3
4419,4416,"Il est regrettable que vous ayez eu une mauvaise expérience. Nous prenons vos commentaires très au sérieux.",3
4420,4419,"Votre satisfaction est importante, et nous espérons regagner votre confiance à l'avenir.",3
4421,0,"Mauvaise expérience globale, service à revoir.",3
4422,4421,"Nous sommes profondément désolés pour les désagréments rencontrés. Votre feedback est crucial pour nous.",3
4423,4422,"Votre satisfaction est importante, et nous espérons regagner votre confiance à l'avenir.",3
4424,4421,"Nous sommes profondément désolés pour les désagréments rencontrés. Votre feedback est crucial pour nous.",3
4425,4424,"Nous souhaitons discuter davantage avec vous pour rectifier la situation. N'hésitez pas à nous contacter.",3
4426,0,"Pas à la hauteur de mes attentes, surtout au niveau de l'accueil et des services.",3
4427,4426,"Il est regrettable que vous ayez eu une mauvaise expérience. Nous prenons vos commentaires très au sérieux.",3
4428,4427,"Votre satisfaction est importante, et nous espérons regagner votre confiance à l'avenir.",3
4429,4426,"Nous sommes profondément désolés pour les désagréments rencontrés. Votre feedback est crucial pour nous.",3
4430,4429,"Votre satisfaction est importante, et nous espérons regagner votre confiance à l'avenir.",3
4431,0,"Mauvaise expérience globale, service à revoir.",3
4432,4431,"Nous sommes profondément désolés pour les désagréments rencontrés. Votre feedback est crucial pour nous.",3
4433,4432,"Votre satisfaction est importante, et nous espérons regagner votre confiance à l'avenir.",3
4434,4431,"Il est regrettable que vous ayez eu une mauvaise expérience. Nous prenons vos commentaires très au sérieux.",3
4435,4434,"Votre satisfaction est importante, et nous espérons regagner votre confiance à l'avenir.",3
4436,0,"Mauvaise expérience globale, service à revoir.",3
4437,4436,"Nous sommes profondément désolés pour les désagréments rencontrés. Votre feedback est crucial pour nous.",3
4438,4437,"Nous souhaitons discuter davantage avec vous pour rectifier la situation. N'hésitez pas à nous contacter.",3
4439,4436,"Il est regrettable que vous ayez eu une mauvaise expérience. Nous prenons vos commentaires très au sérieux.",3
4440,4439,"Votre satisfaction est importante, et nous espérons regagner votre confiance à l'avenir.",3
4441,0,"Pas à la hauteur de mes attentes, surtout au niveau de l'accueil et des services.",3
4442,4441,"Nous sommes profondément désolés pour les désagréments rencontrés. Votre feedback est crucial pour nous.",3
4443,4442,"Nous souhaitons discuter davantage avec vous pour rectifier la situation. N'hésitez pas à nous contacter.",3
4444,4441,"Il est regrettable que vous ayez eu une mauvaise expérience. Nous prenons vos commentaires très au sérieux.",3
4445,4444,"Votre satisfaction est importante, et nous espérons regagner votre confiance à l'avenir.",3
4446,0,"Mauvaise expérience globale, service à revoir.",3
4447,4446,"Il est regrettable que vous ayez eu une mauvaise expérience. Nous prenons vos commentaires très au sérieux.",3
4448,4447,"Votre satisfaction est importante, et nous espérons regagner votre confiance à l'avenir.",3
4449,4446,"Nous sommes profondément désolés pour les désagréments rencontrés. Votre feedback est crucial pour nous.",3
4450,4449,"Votre satisfaction est importante, et nous espérons regagner votre confiance à l'avenir.",3
4451,0,"Déçu par plusieurs aspects de mon séjour, je ne pense pas revenir.",3
4452,4451,"Nous sommes profondément désolés pour les désagréments rencontrés. Votre feedback est crucial pour nous.",3
4453,4452,"Nous souhaitons discuter davantage avec vous pour rectifier la situation. N'hésitez pas à nous contacter.",3
4454,4451,"Nous sommes profondément désolés pour les désagréments rencontrés. Votre feedback est crucial pour nous.",3
4455,4454,"Nous souhaitons discuter davantage avec vous pour rectifier la situation. N'hésitez pas à nous contacter.",3
4456,0,"Mauvaise expérience globale, service à revoir.",3
4457,4456,"Il est regrettable que vous ayez eu une mauvaise expérience. Nous prenons vos commentaires très au sérieux.",3
4458,4457,"Nous souhaitons discuter davantage avec vous pour rectifier la situation. N'hésitez pas à nous contacter.",3
4459,4456,"Nous sommes profondément désolés pour les désagréments rencontrés. Votre feedback est crucial pour nous.",3
4460,4459,"Nous souhaitons discuter davantage avec vous pour rectifier la situation. N'hésitez pas à nous contacter.",3
4461,0,"Pas à la hauteur de mes attentes, surtout au niveau de l'accueil et des services.",3
4462,4461,"Nous sommes profondément désolés pour les désagréments rencontrés. Votre feedback est crucial pour nous.",3
4463,4462,"Nous souhaitons discuter davantage avec vous pour rectifier la situation. N'hésitez pas à nous contacter.",3
4464,4461,"Il est regrettable que vous ayez eu une mauvaise expérience. Nous prenons vos commentaires très au sérieux.",3
4465,4464,"Nous souhaitons discuter davantage avec vous pour rectifier la situation. N'hésitez pas à nous contacter.",3
4466,0,"Pas à la hauteur de mes attentes, surtout au niveau de l'accueil et des services.",3
4467,4466,"Il est regrettable que vous ayez eu une mauvaise expérience. Nous prenons vos commentaires très au sérieux.",3
4468,4467,"Nous souhaitons discuter davantage avec vous pour rectifier la situation. N'hésitez pas à nous contacter.",3
4469,4466,"Il est regrettable que vous ayez eu une mauvaise expérience. Nous prenons vos commentaires très au sérieux.",3
4470,4469,"Votre satisfaction est importante, et nous espérons regagner votre confiance à l'avenir.",3
4471,0,"Mauvaise expérience globale, service à revoir.",3
4472,4471,"Il est regrettable que vous ayez eu une mauvaise expérience. Nous prenons vos commentaires très au sérieux.",3
4473,4472,"Nous souhaitons discuter davantage avec vous pour rectifier la situation. N'hésitez pas à nous contacter.",3
4474,4471,"Nous sommes profondément désolés pour les désagréments rencontrés. Votre feedback est crucial pour nous.",3
4475,4474,"Nous souhaitons discuter davantage avec vous pour rectifier la situation. N'hésitez pas à nous contacter.",3
4476,0,"Mauvaise expérience globale, service à revoir.",3
4477,4476,"Nous sommes profondément désolés pour les désagréments rencontrés. Votre feedback est crucial pour nous.",3
4478,4477,"Nous souhaitons discuter davantage avec vous pour rectifier la situation. N'hésitez pas à nous contacter.",3
4479,4476,"Nous sommes profondément désolés pour les désagréments rencontrés. Votre feedback est crucial pour nous.",3
4480,4479,"Nous souhaitons discuter davantage avec vous pour rectifier la situation. N'hésitez pas à nous contacter.",3
4481,0,"Mauvaise expérience globale, service à revoir.",3
4482,4481,"Nous sommes profondément désolés pour les désagréments rencontrés. Votre feedback est crucial pour nous.",3
4483,4482,"Nous souhaitons discuter davantage avec vous pour rectifier la situation. N'hésitez pas à nous contacter.",3
4484,4481,"Il est regrettable que vous ayez eu une mauvaise expérience. Nous prenons vos commentaires très au sérieux.",3
4485,4484,"Nous souhaitons discuter davantage avec vous pour rectifier la situation. N'hésitez pas à nous contacter.",3
4486,0,"Mauvaise expérience globale, service à revoir.",3
4487,4486,"Il est regrettable que vous ayez eu une mauvaise expérience. Nous prenons vos commentaires très au sérieux.",3
4488,4487,"Nous souhaitons discuter davantage avec vous pour rectifier la situation. N'hésitez pas à nous contacter.",3
4489,4486,"Il est regrettable que vous ayez eu une mauvaise expérience. Nous prenons vos commentaires très au sérieux.",3
4490,4489,"Votre satisfaction est importante, et nous espérons regagner votre confiance à l'avenir.",3
4491,0,"Déçu par plusieurs aspects de mon séjour, je ne pense pas revenir.",3
4492,4491,"Il est regrettable que vous ayez eu une mauvaise expérience. Nous prenons vos commentaires très au sérieux.",3
4493,4492,"Nous souhaitons discuter davantage avec vous pour rectifier la situation. N'hésitez pas à nous contacter.",3
4494,4491,"Nous sommes profondément désolés pour les désagréments rencontrés. Votre feedback est crucial pour nous.",3
4495,4494,"Nous souhaitons discuter davantage avec vous pour rectifier la situation. N'hésitez pas à nous contacter.",3
4496,0,"Mauvaise expérience globale, service à revoir.",3
4497,4496,"Il est regrettable que vous ayez eu une mauvaise expérience. Nous prenons vos commentaires très au sérieux.",3
4498,4497,"Votre satisfaction est importante, et nous espérons regagner votre confiance à l'avenir.",3
4499,4496,"Nous sommes profondément désolés pour les désagréments rencontrés. Votre feedback est crucial pour nous.",3
4500,4499,"Votre satisfaction est importante, et nous espérons regagner votre confiance à l'avenir.",3
4501,0,"Pas à la hauteur de mes attentes, surtout au niveau de l'accueil et des services.",3
4502,4501,"Il est regrettable que vous ayez eu une mauvaise expérience. Nous prenons vos commentaires très au sérieux.",3
4503,4502,"Votre satisfaction est importante, et nous espérons regagner votre confiance à l'avenir.",3
4504,4501,"Nous sommes profondément désolés pour les désagréments rencontrés. Votre feedback est crucial pour nous.",3
4505,4504,"Nous souhaitons discuter davantage avec vous pour rectifier la situation. N'hésitez pas à nous contacter.",3
4506,0,"Déçu par plusieurs aspects de mon séjour, je ne pense pas revenir.",3
4507,4506,"Il est regrettable que vous ayez eu une mauvaise expérience. Nous prenons vos commentaires très au sérieux.",3
4508,4507,"Nous souhaitons discuter davantage avec vous pour rectifier la situation. N'hésitez pas à nous contacter.",3
4509,4506,"Il est regrettable que vous ayez eu une mauvaise expérience. Nous prenons vos commentaires très au sérieux.",3
4510,4509,"Nous souhaitons discuter davantage avec vous pour rectifier la situation. N'hésitez pas à nous contacter.",3
4511,0,"Pas à la hauteur de mes attentes, surtout au niveau de l'accueil et des services.",3
4512,4511,"Nous sommes profondément désolés pour les désagréments rencontrés. Votre feedback est crucial pour nous.",3
4513,4512,"Nous souhaitons discuter davantage avec vous pour rectifier la situation. N'hésitez pas à nous contacter.",3
4514,4511,"Nous sommes profondément désolés pour les désagréments rencontrés. Votre feedback est crucial pour nous.",3
4515,4514,"Votre satisfaction est importante, et nous espérons regagner votre confiance à l'avenir.",3
4516,0,"Pas à la hauteur de mes attentes, surtout au niveau de l'accueil et des services.",3
4517,4516,"Nous sommes profondément désolés pour les désagréments rencontrés. Votre feedback est crucial pour nous.",3
4518,4517,"Nous souhaitons discuter davantage avec vous pour rectifier la situation. N'hésitez pas à nous contacter.",3
4519,4516,"Nous sommes profondément désolés pour les désagréments rencontrés. Votre feedback est crucial pour nous.",3
4520,4519,"Votre satisfaction est importante, et nous espérons regagner votre confiance à l'avenir.",3
4521,0,"Pas à la hauteur de mes attentes, surtout au niveau de l'accueil et des services.",3
4522,4521,"Nous sommes profondément désolés pour les désagréments rencontrés. Votre feedback est crucial pour nous.",3
4523,4522,"Nous souhaitons discuter davantage avec vous pour rectifier la situation. N'hésitez pas à nous contacter.",3
4524,4521,"Il est regrettable que vous ayez eu une mauvaise expérience. Nous prenons vos commentaires très au sérieux.",3
4525,4524,"Nous souhaitons discuter davantage avec vous pour rectifier la situation. N'hésitez pas à nous contacter.",3
4526,0,"Mauvaise expérience globale, service à revoir.",3
4527,4526,"Il est regrettable que vous ayez eu une mauvaise expérience. Nous prenons vos commentaires très au sérieux.",3
4528,4527,"Votre satisfaction est importante, et nous espérons regagner votre confiance à l'avenir.",3
4529,4526,"Il est regrettable que vous ayez eu une mauvaise expérience. Nous prenons vos commentaires très au sérieux.",3
4530,4529,"Votre satisfaction est importante, et nous espérons regagner votre confiance à l'avenir.",3
4531,0,"Déçu par plusieurs aspects de mon séjour, je ne pense pas revenir.",3
4532,4531,"Nous sommes profondément désolés pour les désagréments rencontrés. Votre feedback est crucial pour nous.",3
4533,4532,"Votre satisfaction est importante, et nous espérons regagner votre confiance à l'avenir.",3
4534,4531,"Nous sommes profondément désolés pour les désagréments rencontrés. Votre feedback est crucial pour nous.",3
4535,4534,"Nous souhaitons discuter davantage avec vous pour rectifier la situation. N'hésitez pas à nous contacter.",3
4536,0,"Pas à la hauteur de mes attentes, surtout au niveau de l'accueil et des services.",3
4537,4536,"Nous sommes profondément désolés pour les désagréments rencontrés. Votre feedback est crucial pour nous.",3
4538,4537,"Nous souhaitons discuter davantage avec vous pour rectifier la situation. N'hésitez pas à nous contacter.",3
4539,4536,"Nous sommes profondément désolés pour les désagréments rencontrés. Votre feedback est crucial pour nous.",3
4540,4539,"Votre satisfaction est importante, et nous espérons regagner votre confiance à l'avenir.",3
4541,0,"Déçu par plusieurs aspects de mon séjour, je ne pense pas revenir.",3
4542,4541,"Nous sommes profondément désolés pour les désagréments rencontrés. Votre feedback est crucial pour nous.",3
4543,4542,"Votre satisfaction est importante, et nous espérons regagner votre confiance à l'avenir.",3
4544,4541,"Nous sommes profondément désolés pour les désagréments rencontrés. Votre feedback est crucial pour nous.",3
4545,4544,"Votre satisfaction est importante, et nous espérons regagner votre confiance à l'avenir.",3
4546,0,"Pas à la hauteur de mes attentes, surtout au niveau de l'accueil et des services.",3
4547,4546,"Il est regrettable que vous ayez eu une mauvaise expérience. Nous prenons vos commentaires très au sérieux.",3
4548,4547,"Votre satisfaction est importante, et nous espérons regagner votre confiance à l'avenir.",3
4549,4546,"Nous sommes profondément désolés pour les désagréments rencontrés. Votre feedback est crucial pour nous.",3
4550,4549,"Votre satisfaction est importante, et nous espérons regagner votre confiance à l'avenir.",3
4551,0,"Déçu par plusieurs aspects de mon séjour, je ne pense pas revenir.",3
4552,4551,"Nous sommes profondément désolés pour les désagréments rencontrés. Votre feedback est crucial pour nous.",3
4553,4552,"Votre satisfaction est importante, et nous espérons regagner votre confiance à l'avenir.",3
4554,4551,"Il est regrettable que vous ayez eu une mauvaise expérience. Nous prenons vos commentaires très au sérieux.",3
4555,4554,"Nous souhaitons discuter davantage avec vous pour rectifier la situation. N'hésitez pas à nous contacter.",3
4556,0,"Pas à la hauteur de mes attentes, surtout au niveau de l'accueil et des services.",3
4557,4556,"Nous sommes profondément désolés pour les désagréments rencontrés. Votre feedback est crucial pour nous.",3
4558,4557,"Nous souhaitons discuter davantage avec vous pour rectifier la situation. N'hésitez pas à nous contacter.",3
4559,4556,"Nous sommes profondément désolés pour les désagréments rencontrés. Votre feedback est crucial pour nous.",3
4560,4559,"Votre satisfaction est importante, et nous espérons regagner votre confiance à l'avenir.",3
4561,0,"Déçu par plusieurs aspects de mon séjour, je ne pense pas revenir.",3
4562,4561,"Il est regrettable que vous ayez eu une mauvaise expérience. Nous prenons vos commentaires très au sérieux.",3
4563,4562,"Votre satisfaction est importante, et nous espérons regagner votre confiance à l'avenir.",3
4564,4561,"Nous sommes profondément désolés pour les désagréments rencontrés. Votre feedback est crucial pour nous.",3
4565,4564,"Nous souhaitons discuter davantage avec vous pour rectifier la situation. N'hésitez pas à nous contacter.",3
4566,0,"Déçu par plusieurs aspects de mon séjour, je ne pense pas revenir.",3
4567,4566,"Nous sommes profondément désolés pour les désagréments rencontrés. Votre feedback est crucial pour nous.",3
4568,4567,"Nous souhaitons discuter davantage avec vous pour rectifier la situation. N'hésitez pas à nous contacter.",3
4569,4566,"Il est regrettable que vous ayez eu une mauvaise expérience. Nous prenons vos commentaires très au sérieux.",3
4570,4569,"Nous souhaitons discuter davantage avec vous pour rectifier la situation. N'hésitez pas à nous contacter.",3
4571,0,"Pas à la hauteur de mes attentes, surtout au niveau de l'accueil et des services.",3
4572,4571,"Nous sommes profondément désolés pour les désagréments rencontrés. Votre feedback est crucial pour nous.",3
4573,4572,"Votre satisfaction est importante, et nous espérons regagner votre confiance à l'avenir.",3
4574,4571,"Nous sommes profondément désolés pour les désagréments rencontrés. Votre feedback est crucial pour nous.",3
4575,4574,"Votre satisfaction est importante, et nous espérons regagner votre confiance à l'avenir.",3
4576,0,"Déçu par plusieurs aspects de mon séjour, je ne pense pas revenir.",3
4577,4576,"Nous sommes profondément désolés pour les désagréments rencontrés. Votre feedback est crucial pour nous.",3
4578,4577,"Nous souhaitons discuter davantage avec vous pour rectifier la situation. N'hésitez pas à nous contacter.",3
4579,4576,"Il est regrettable que vous ayez eu une mauvaise expérience. Nous prenons vos commentaires très au sérieux.",3
4580,4579,"Votre satisfaction est importante, et nous espérons regagner votre confiance à l'avenir.",3
4581,0,"Déçu par plusieurs aspects de mon séjour, je ne pense pas revenir.",3
4582,4581,"Il est regrettable que vous ayez eu une mauvaise expérience. Nous prenons vos commentaires très au sérieux.",3
4583,4582,"Nous souhaitons discuter davantage avec vous pour rectifier la situation. N'hésitez pas à nous contacter.",3
4584,4581,"Il est regrettable que vous ayez eu une mauvaise expérience. Nous prenons vos commentaires très au sérieux.",3
4585,4584,"Votre satisfaction est importante, et nous espérons regagner votre confiance à l'avenir.",3
4586,0,"Déçu par plusieurs aspects de mon séjour, je ne pense pas revenir.",3
4587,4586,"Nous sommes profondément désolés pour les désagréments rencontrés. Votre feedback est crucial pour nous.",3
4588,4587,"Votre satisfaction est importante, et nous espérons regagner votre confiance à l'avenir.",3
4589,4586,"Nous sommes profondément désolés pour les désagréments rencontrés. Votre feedback est crucial pour nous.",3
4590,4589,"Votre satisfaction est importante, et nous espérons regagner votre confiance à l'avenir.",3
4591,0,"Déçu par plusieurs aspects de mon séjour, je ne pense pas revenir.",3
4592,4591,"Nous sommes profondément désolés pour les désagréments rencontrés. Votre feedback est crucial pour nous.",3
4593,4592,"Nous souhaitons discuter davantage avec vous pour rectifier la situation. N'hésitez pas à nous contacter.",3
4594,4591,"Il est regrettable que vous ayez eu une mauvaise expérience. Nous prenons vos commentaires très au sérieux.",3
4595,4594,"Nous souhaitons discuter davantage avec vous pour rectifier la situation. N'hésitez pas à nous contacter.",3
4596,0,"Mauvaise expérience globale, service à revoir.",3
4597,4596,"Nous sommes profondément désolés pour les désagréments rencontrés. Votre feedback est crucial pour nous.",3
4598,4597,"Nous souhaitons discuter davantage avec vous pour rectifier la situation. N'hésitez pas à nous contacter.",3
4599,4596,"Il est regrettable que vous ayez eu une mauvaise expérience. Nous prenons vos commentaires très au sérieux.",3
4600,4599,"Nous souhaitons discuter davantage avec vous pour rectifier la situation. N'hésitez pas à nous contacter.",3
4601,0,"Déçu par plusieurs aspects de mon séjour, je ne pense pas revenir.",3
4602,4601,"Nous sommes profondément désolés pour les désagréments rencontrés. Votre feedback est crucial pour nous.",3
4603,4602,"Votre satisfaction est importante, et nous espérons regagner votre confiance à l'avenir.",3
4604,4601,"Nous sommes profondément désolés pour les désagréments rencontrés. Votre feedback est crucial pour nous.",3
4605,4604,"Nous souhaitons discuter davantage avec vous pour rectifier la situation. N'hésitez pas à nous contacter.",3
4606,0,"Mauvaise expérience globale, service à revoir.",3
4607,4606,"Il est regrettable que vous ayez eu une mauvaise expérience. Nous prenons vos commentaires très au sérieux.",3
4608,4607,"Votre satisfaction est importante, et nous espérons regagner votre confiance à l'avenir.",3
4609,4606,"Nous sommes profondément désolés pour les désagréments rencontrés. Votre feedback est crucial pour nous.",3
4610,4609,"Nous souhaitons discuter davantage avec vous pour rectifier la situation. N'hésitez pas à nous contacter.",3
4611,0,"Déçu par plusieurs aspects de mon séjour, je ne pense pas revenir.",3
4612,4611,"Il est regrettable que vous ayez eu une mauvaise expérience. Nous prenons vos commentaires très au sérieux.",3
4613,4612,"Nous souhaitons discuter davantage avec vous pour rectifier la situation. N'hésitez pas à nous contacter.",3
4614,4611,"Il est regrettable que vous ayez eu une mauvaise expérience. Nous prenons vos commentaires très au sérieux.",3
4615,4614,"Nous souhaitons discuter davantage avec vous pour rectifier la situation. N'hésitez pas à nous contacter.",3
4616,0,"Mauvaise expérience globale, service à revoir.",3
4617,4616,"Nous sommes profondément désolés pour les désagréments rencontrés. Votre feedback est crucial pour nous.",3
4618,4617,"Nous souhaitons discuter davantage avec vous pour rectifier la situation. N'hésitez pas à nous contacter.",3
4619,4616,"Nous sommes profondément désolés pour les désagréments rencontrés. Votre feedback est crucial pour nous.",3
4620,4619,"Nous souhaitons discuter davantage avec vous pour rectifier la situation. N'hésitez pas à nous contacter.",3
4621,0,"Pas à la hauteur de mes attentes, surtout au niveau de l'accueil et des services.",3
4622,4621,"Il est regrettable que vous ayez eu une mauvaise expérience. Nous prenons vos commentaires très au sérieux.",3
4623,4622,"Votre satisfaction est importante, et nous espérons regagner votre confiance à l'avenir.",3
4624,4621,"Il est regrettable que vous ayez eu une mauvaise expérience. Nous prenons vos commentaires très au sérieux.",3
4625,4624,"Votre satisfaction est importante, et nous espérons regagner votre confiance à l'avenir.",3
4626,0,"Pas à la hauteur de mes attentes, surtout au niveau de l'accueil et des services.",3
4627,4626,"Il est regrettable que vous ayez eu une mauvaise expérience. Nous prenons vos commentaires très au sérieux.",3
4628,4627,"Nous souhaitons discuter davantage avec vous pour rectifier la situation. N'hésitez pas à nous contacter.",3
4629,4626,"Nous sommes profondément désolés pour les désagréments rencontrés. Votre feedback est crucial pour nous.",3
4630,4629,"Nous souhaitons discuter davantage avec vous pour rectifier la situation. N'hésitez pas à nous contacter.",3
4631,0,"Déçu par plusieurs aspects de mon séjour, je ne pense pas revenir.",3
4632,4631,"Nous sommes profondément désolés pour les désagréments rencontrés. Votre feedback est crucial pour nous.",3
4633,4632,"Nous souhaitons discuter davantage avec vous pour rectifier la situation. N'hésitez pas à nous contacter.",3
4634,4631,"Nous sommes profondément désolés pour les désagréments rencontrés. Votre feedback est crucial pour nous.",3
4635,4634,"Nous souhaitons discuter davantage avec vous pour rectifier la situation. N'hésitez pas à nous contacter.",3
4636,0,"Pas à la hauteur de mes attentes, surtout au niveau de l'accueil et des services.",3
4637,4636,"Il est regrettable que vous ayez eu une mauvaise expérience. Nous prenons vos commentaires très au sérieux.",3
4638,4637,"Nous souhaitons discuter davantage avec vous pour rectifier la situation. N'hésitez pas à nous contacter.",3
4639,4636,"Il est regrettable que vous ayez eu une mauvaise expérience. Nous prenons vos commentaires très au sérieux.",3
4640,4639,"Nous souhaitons discuter davantage avec vous pour rectifier la situation. N'hésitez pas à nous contacter.",3
4641,0,"Déçu par plusieurs aspects de mon séjour, je ne pense pas revenir.",3
4642,4641,"Il est regrettable que vous ayez eu une mauvaise expérience. Nous prenons vos commentaires très au sérieux.",3
4643,4642,"Votre satisfaction est importante, et nous espérons regagner votre confiance à l'avenir.",3
4644,4641,"Il est regrettable que vous ayez eu une mauvaise expérience. Nous prenons vos commentaires très au sérieux.",3
4645,4644,"Votre satisfaction est importante, et nous espérons regagner votre confiance à l'avenir.",3
4646,0,"Déçu par plusieurs aspects de mon séjour, je ne pense pas revenir.",3
4647,4646,"Il est regrettable que vous ayez eu une mauvaise expérience. Nous prenons vos commentaires très au sérieux.",3
4648,4647,"Nous souhaitons discuter davantage avec vous pour rectifier la situation. N'hésitez pas à nous contacter.",3
4649,4646,"Nous sommes profondément désolés pour les désagréments rencontrés. Votre feedback est crucial pour nous.",3
4650,4649,"Votre satisfaction est importante, et nous espérons regagner votre confiance à l'avenir.",3
4651,0,"Mauvaise expérience globale, service à revoir.",3
4652,4651,"Il est regrettable que vous ayez eu une mauvaise expérience. Nous prenons vos commentaires très au sérieux.",3
4653,4652,"Votre satisfaction est importante, et nous espérons regagner votre confiance à l'avenir.",3
4654,4651,"Il est regrettable que vous ayez eu une mauvaise expérience. Nous prenons vos commentaires très au sérieux.",3
4655,4654,"Nous souhaitons discuter davantage avec vous pour rectifier la situation. N'hésitez pas à nous contacter.",3
4656,0,"Mauvaise expérience globale, service à revoir.",3
4657,4656,"Il est regrettable que vous ayez eu une mauvaise expérience. Nous prenons vos commentaires très au sérieux.",3
4658,4657,"Votre satisfaction est importante, et nous espérons regagner votre confiance à l'avenir.",3
4659,4656,"Nous sommes profondément désolés pour les désagréments rencontrés. Votre feedback est crucial pour nous.",3
4660,4659,"Nous souhaitons discuter davantage avec vous pour rectifier la situation. N'hésitez pas à nous contacter.",3
4661,0,"Mauvaise expérience globale, service à revoir.",3
4662,4661,"Nous sommes profondément désolés pour les désagréments rencontrés. Votre feedback est crucial pour nous.",3
4663,4662,"Votre satisfaction est importante, et nous espérons regagner votre confiance à l'avenir.",3
4664,4661,"Nous sommes profondément désolés pour les désagréments rencontrés. Votre feedback est crucial pour nous.",3
4665,4664,"Nous souhaitons discuter davantage avec vous pour rectifier la situation. N'hésitez pas à nous contacter.",3
4666,0,"Mauvaise expérience globale, service à revoir.",3
4667,4666,"Nous sommes profondément désolés pour les désagréments rencontrés. Votre feedback est crucial pour nous.",3
4668,4667,"Votre satisfaction est importante, et nous espérons regagner votre confiance à l'avenir.",3
4669,4666,"Nous sommes profondément désolés pour les désagréments rencontrés. Votre feedback est crucial pour nous.",3
4670,4669,"Nous souhaitons discuter davantage avec vous pour rectifier la situation. N'hésitez pas à nous contacter.",3
4671,0,"Déçu par plusieurs aspects de mon séjour, je ne pense pas revenir.",3
4672,4671,"Nous sommes profondément désolés pour les désagréments rencontrés. Votre feedback est crucial pour nous.",3
4673,4672,"Nous souhaitons discuter davantage avec vous pour rectifier la situation. N'hésitez pas à nous contacter.",3
4674,4671,"Il est regrettable que vous ayez eu une mauvaise expérience. Nous prenons vos commentaires très au sérieux.",3
4675,4674,"Votre satisfaction est importante, et nous espérons regagner votre confiance à l'avenir.",3
4676,0,"Mauvaise expérience globale, service à revoir.",3
4677,4676,"Il est regrettable que vous ayez eu une mauvaise expérience. Nous prenons vos commentaires très au sérieux.",3
4678,4677,"Nous souhaitons discuter davantage avec vous pour rectifier la situation. N'hésitez pas à nous contacter.",3
4679,4676,"Il est regrettable que vous ayez eu une mauvaise expérience. Nous prenons vos commentaires très au sérieux.",3
4680,4679,"Nous souhaitons discuter davantage avec vous pour rectifier la situation. N'hésitez pas à nous contacter.",3
4681,0,"Déçu par plusieurs aspects de mon séjour, je ne pense pas revenir.",3
4682,4681,"Nous sommes profondément désolés pour les désagréments rencontrés. Votre feedback est crucial pour nous.",3
4683,4682,"Votre satisfaction est importante, et nous espérons regagner votre confiance à l'avenir.",3
4684,4681,"Nous sommes profondément désolés pour les désagréments rencontrés. Votre feedback est crucial pour nous.",3
4685,4684,"Nous souhaitons discuter davantage avec vous pour rectifier la situation. N'hésitez pas à nous contacter.",3
4686,0,"Mauvaise expérience globale, service à revoir.",3
4687,4686,"Il est regrettable que vous ayez eu une mauvaise expérience. Nous prenons vos commentaires très au sérieux.",3
4688,4687,"Votre satisfaction est importante, et nous espérons regagner votre confiance à l'avenir.",3
4689,4686,"Il est regrettable que vous ayez eu une mauvaise expérience. Nous prenons vos commentaires très au sérieux.",3
4690,4689,"Votre satisfaction est importante, et nous espérons regagner votre confiance à l'avenir.",3
4691,0,"Déçu par plusieurs aspects de mon séjour, je ne pense pas revenir.",3
4692,4691,"Nous sommes profondément désolés pour les désagréments rencontrés. Votre feedback est crucial pour nous.",3
4693,4692,"Votre satisfaction est importante, et nous espérons regagner votre confiance à l'avenir.",3
4694,4691,"Nous sommes profondément désolés pour les désagréments rencontrés. Votre feedback est crucial pour nous.",3
4695,4694,"Votre satisfaction est importante, et nous espérons regagner votre confiance à l'avenir.",3
4696,0,"Pas à la hauteur de mes attentes, surtout au niveau de l'accueil et des services.",3
4697,4696,"Nous sommes profondément désolés pour les désagréments rencontrés. Votre feedback est crucial pour nous.",3
4698,4697,"Votre satisfaction est importante, et nous espérons regagner votre confiance à l'avenir.",3
4699,4696,"Nous sommes profondément désolés pour les désagréments rencontrés. Votre feedback est crucial pour nous.",3
4700,4699,"Votre satisfaction est importante, et nous espérons regagner votre confiance à l'avenir.",3
4701,0,"Déçu par plusieurs aspects de mon séjour, je ne pense pas revenir.",3
4702,4701,"Nous sommes profondément désolés pour les désagréments rencontrés. Votre feedback est crucial pour nous.",3
4703,4702,"Nous souhaitons discuter davantage avec vous pour rectifier la situation. N'hésitez pas à nous contacter.",3
4704,4701,"Nous sommes profondément désolés pour les désagréments rencontrés. Votre feedback est crucial pour nous.",3
4705,4704,"Votre satisfaction est importante, et nous espérons regagner votre confiance à l'avenir.",3
4706,0,"Mauvaise expérience globale, service à revoir.",3
4707,4706,"Nous sommes profondément désolés pour les désagréments rencontrés. Votre feedback est crucial pour nous.",3
4708,4707,"Nous souhaitons discuter davantage avec vous pour rectifier la situation. N'hésitez pas à nous contacter.",3
4709,4706,"Il est regrettable que vous ayez eu une mauvaise expérience. Nous prenons vos commentaires très au sérieux.",3
4710,4709,"Nous souhaitons discuter davantage avec vous pour rectifier la situation. N'hésitez pas à nous contacter.",3
4711,0,"Pas à la hauteur de mes attentes, surtout au niveau de l'accueil et des services.",3
4712,4711,"Nous sommes profondément désolés pour les désagréments rencontrés. Votre feedback est crucial pour nous.",3
4713,4712,"Nous souhaitons discuter davantage avec vous pour rectifier la situation. N'hésitez pas à nous contacter.",3
4714,4711,"Il est regrettable que vous ayez eu une mauvaise expérience. Nous prenons vos commentaires très au sérieux.",3
4715,4714,"Nous souhaitons discuter davantage avec vous pour rectifier la situation. N'hésitez pas à nous contacter.",3
4716,0,"Déçu par plusieurs aspects de mon séjour, je ne pense pas revenir.",3
4717,4716,"Nous sommes profondément désolés pour les désagréments rencontrés. Votre feedback est crucial pour nous.",3
4718,4717,"Votre satisfaction est importante, et nous espérons regagner votre confiance à l'avenir.",3
4719,4716,"Il est regrettable que vous ayez eu une mauvaise expérience. Nous prenons vos commentaires très au sérieux.",3
4720,4719,"Nous souhaitons discuter davantage avec vous pour rectifier la situation. N'hésitez pas à nous contacter.",3
4721,0,"Pas à la hauteur de mes attentes, surtout au niveau de l'accueil et des services.",3
4722,4721,"Nous sommes profondément désolés pour les désagréments rencontrés. Votre feedback est crucial pour nous.",3
4723,4722,"Votre satisfaction est importante, et nous espérons regagner votre confiance à l'avenir.",3
4724,4721,"Nous sommes profondément désolés pour les désagréments rencontrés. Votre feedback est crucial pour nous.",3
4725,4724,"Votre satisfaction est importante, et nous espérons regagner votre confiance à l'avenir.",3
4726,0,"Mauvaise expérience globale, service à revoir.",3
4727,4726,"Nous sommes profondément désolés pour les désagréments rencontrés. Votre feedback est crucial pour nous.",3
4728,4727,"Votre satisfaction est importante, et nous espérons regagner votre confiance à l'avenir.",3
4729,4726,"Nous sommes profondément désolés pour les désagréments rencontrés. Votre feedback est crucial pour nous.",3
4730,4729,"Votre satisfaction est importante, et nous espérons regagner votre confiance à l'avenir.",3
4731,0,"Pas à la hauteur de mes attentes, surtout au niveau de l'accueil et des services.",3
4732,4731,"Il est regrettable que vous ayez eu une mauvaise expérience. Nous prenons vos commentaires très au sérieux.",3
4733,4732,"Votre satisfaction est importante, et nous espérons regagner votre confiance à l'avenir.",3
4734,4731,"Nous sommes profondément désolés pour les désagréments rencontrés. Votre feedback est crucial pour nous.",3
4735,4734,"Votre satisfaction est importante, et nous espérons regagner votre confiance à l'avenir.",3
4736,0,"Mauvaise expérience globale, service à revoir.",3
4737,4736,"Il est regrettable que vous ayez eu une mauvaise expérience. Nous prenons vos commentaires très au sérieux.",3
4738,4737,"Votre satisfaction est importante, et nous espérons regagner votre confiance à l'avenir.",3
4739,4736,"Il est regrettable que vous ayez eu une mauvaise expérience. Nous prenons vos commentaires très au sérieux.",3
4740,4739,"Votre satisfaction est importante, et nous espérons regagner votre confiance à l'avenir.",3
4741,0,"Mauvaise expérience globale, service à revoir.",3
4742,4741,"Il est regrettable que vous ayez eu une mauvaise expérience. Nous prenons vos commentaires très au sérieux.",3
4743,4742,"Votre satisfaction est importante, et nous espérons regagner votre confiance à l'avenir.",3
4744,4741,"Il est regrettable que vous ayez eu une mauvaise expérience. Nous prenons vos commentaires très au sérieux.",3
4745,4744,"Votre satisfaction est importante, et nous espérons regagner votre confiance à l'avenir.",3
4746,0,"Mauvaise expérience globale, service à revoir.",3
4747,4746,"Il est regrettable que vous ayez eu une mauvaise expérience. Nous prenons vos commentaires très au sérieux.",3
4748,4747,"Nous souhaitons discuter davantage avec vous pour rectifier la situation. N'hésitez pas à nous contacter.",3
4749,4746,"Il est regrettable que vous ayez eu une mauvaise expérience. Nous prenons vos commentaires très au sérieux.",3
4750,4749,"Nous souhaitons discuter davantage avec vous pour rectifier la situation. N'hésitez pas à nous contacter.",3
4751,0,"Pas à la hauteur de mes attentes, surtout au niveau de l'accueil et des services.",3
4752,4751,"Nous sommes profondément désolés pour les désagréments rencontrés. Votre feedback est crucial pour nous.",3
4753,4752,"Votre satisfaction est importante, et nous espérons regagner votre confiance à l'avenir.",3
4754,4751,"Il est regrettable que vous ayez eu une mauvaise expérience. Nous prenons vos commentaires très au sérieux.",3
4755,4754,"Nous souhaitons discuter davantage avec vous pour rectifier la situation. N'hésitez pas à nous contacter.",3
4756,0,"Déçu par plusieurs aspects de mon séjour, je ne pense pas revenir.",3
4757,4756,"Il est regrettable que vous ayez eu une mauvaise expérience. Nous prenons vos commentaires très au sérieux.",3
4758,4757,"Votre satisfaction est importante, et nous espérons regagner votre confiance à l'avenir.",3
4759,4756,"Nous sommes profondément désolés pour les désagréments rencontrés. Votre feedback est crucial pour nous.",3
4760,4759,"Nous souhaitons discuter davantage avec vous pour rectifier la situation. N'hésitez pas à nous contacter.",3
4761,0,"Pas à la hauteur de mes attentes, surtout au niveau de l'accueil et des services.",3
4762,4761,"Nous sommes profondément désolés pour les désagréments rencontrés. Votre feedback est crucial pour nous.",3
4763,4762,"Votre satisfaction est importante, et nous espérons regagner votre confiance à l'avenir.",3
4764,4761,"Il est regrettable que vous ayez eu une mauvaise expérience. Nous prenons vos commentaires très au sérieux.",3
4765,4764,"Nous souhaitons discuter davantage avec vous pour rectifier la situation. N'hésitez pas à nous contacter.",3
4766,0,"Déçu par plusieurs aspects de mon séjour, je ne pense pas revenir.",3
4767,4766,"Nous sommes profondément désolés pour les désagréments rencontrés. Votre feedback est crucial pour nous.",3
4768,4767,"Nous souhaitons discuter davantage avec vous pour rectifier la situation. N'hésitez pas à nous contacter.",3
4769,4766,"Il est regrettable que vous ayez eu une mauvaise expérience. Nous prenons vos commentaires très au sérieux.",3
4770,4769,"Nous souhaitons discuter davantage avec vous pour rectifier la situation. N'hésitez pas à nous contacter.",3
4771,0,"Pas à la hauteur de mes attentes, surtout au niveau de l'accueil et des services.",3
4772,4771,"Nous sommes profondément désolés pour les désagréments rencontrés. Votre feedback est crucial pour nous.",3
4773,4772,"Votre satisfaction est importante, et nous espérons regagner votre confiance à l'avenir.",3
4774,4771,"Nous sommes profondément désolés pour les désagréments rencontrés. Votre feedback est crucial pour nous.",3
4775,4774,"Votre satisfaction est importante, et nous espérons regagner votre confiance à l'avenir.",3
4776,0,"Mauvaise expérience globale, service à revoir.",3
4777,4776,"Nous sommes profondément désolés pour les désagréments rencontrés. Votre feedback est crucial pour nous.",3
4778,4777,"Votre satisfaction est importante, et nous espérons regagner votre confiance à l'avenir.",3
4779,4776,"Nous sommes profondément désolés pour les désagréments rencontrés. Votre feedback est crucial pour nous.",3
4780,4779,"Votre satisfaction est importante, et nous espérons regagner votre confiance à l'avenir.",3
4781,0,"Déçu par plusieurs aspects de mon séjour, je ne pense pas revenir.",3
4782,4781,"Il est regrettable que vous ayez eu une mauvaise expérience. Nous prenons vos commentaires très au sérieux.",3
4783,4782,"Nous souhaitons discuter davantage avec vous pour rectifier la situation. N'hésitez pas à nous contacter.",3
4784,4781,"Nous sommes profondément désolés pour les désagréments rencontrés. Votre feedback est crucial pour nous.",3
4785,4784,"Votre satisfaction est importante, et nous espérons regagner votre confiance à l'avenir.",3
4786,0,"Déçu par plusieurs aspects de mon séjour, je ne pense pas revenir.",3
4787,4786,"Il est regrettable que vous ayez eu une mauvaise expérience. Nous prenons vos commentaires très au sérieux.",3
4788,4787,"Nous souhaitons discuter davantage avec vous pour rectifier la situation. N'hésitez pas à nous contacter.",3
4789,4786,"Nous sommes profondément désolés pour les désagréments rencontrés. Votre feedback est crucial pour nous.",3
4790,4789,"Nous souhaitons discuter davantage avec vous pour rectifier la situation. N'hésitez pas à nous contacter.",3
4791,0,"Déçu par plusieurs aspects de mon séjour, je ne pense pas revenir.",3
4792,4791,"Nous sommes profondément désolés pour les désagréments rencontrés. Votre feedback est crucial pour nous.",3
4793,4792,"Nous souhaitons discuter davantage avec vous pour rectifier la situation. N'hésitez pas à nous contacter.",3
4794,4791,"Nous sommes profondément désolés pour les désagréments rencontrés. Votre feedback est crucial pour nous.",3
4795,4794,"Nous souhaitons discuter davantage avec vous pour rectifier la situation. N'hésitez pas à nous contacter.",3
4796,0,"Mauvaise expérience globale, service à revoir.",3
4797,4796,"Nous sommes profondément désolés pour les désagréments rencontrés. Votre feedback est crucial pour nous.",3
4798,4797,"Nous souhaitons discuter davantage avec vous pour rectifier la situation. N'hésitez pas à nous contacter.",3
4799,4796,"Il est regrettable que vous ayez eu une mauvaise expérience. Nous prenons vos commentaires très au sérieux.",3
4800,4799,"Nous souhaitons discuter davantage avec vous pour rectifier la situation. N'hésitez pas à nous contacter.",3
4801,0,"Mauvaise expérience globale, service à revoir.",3
4802,4801,"Nous sommes profondément désolés pour les désagréments rencontrés. Votre feedback est crucial pour nous.",3
4803,4802,"Votre satisfaction est importante, et nous espérons regagner votre confiance à l'avenir.",3
4804,4801,"Nous sommes profondément désolés pour les désagréments rencontrés. Votre feedback est crucial pour nous.",3
4805,4804,"Votre satisfaction est importante, et nous espérons regagner votre confiance à l'avenir.",3
4806,0,"Pas à la hauteur de mes attentes, surtout au niveau de l'accueil et des services.",3
4807,4806,"Il est regrettable que vous ayez eu une mauvaise expérience. Nous prenons vos commentaires très au sérieux.",3
4808,4807,"Nous souhaitons discuter davantage avec vous pour rectifier la situation. N'hésitez pas à nous contacter.",3
4809,4806,"Nous sommes profondément désolés pour les désagréments rencontrés. Votre feedback est crucial pour nous.",3
4810,4809,"Votre satisfaction est importante, et nous espérons regagner votre confiance à l'avenir.",3
4811,0,"Déçu par plusieurs aspects de mon séjour, je ne pense pas revenir.",3
4812,4811,"Il est regrettable que vous ayez eu une mauvaise expérience. Nous prenons vos commentaires très au sérieux.",3
4813,4812,"Votre satisfaction est importante, et nous espérons regagner votre confiance à l'avenir.",3
4814,4811,"Il est regrettable que vous ayez eu une mauvaise expérience. Nous prenons vos commentaires très au sérieux.",3
4815,4814,"Nous souhaitons discuter davantage avec vous pour rectifier la situation. N'hésitez pas à nous contacter.",3
4816,0,"Mauvaise expérience globale, service à revoir.",3
4817,4816,"Nous sommes profondément désolés pour les désagréments rencontrés. Votre feedback est crucial pour nous.",3
4818,4817,"Nous souhaitons discuter davantage avec vous pour rectifier la situation. N'hésitez pas à nous contacter.",3
4819,4816,"Nous sommes profondément désolés pour les désagréments rencontrés. Votre feedback est crucial pour nous.",3
4820,4819,"Nous souhaitons discuter davantage avec vous pour rectifier la situation. N'hésitez pas à nous contacter.",3
4821,0,"Déçu par plusieurs aspects de mon séjour, je ne pense pas revenir.",3
4822,4821,"Nous sommes profondément désolés pour les désagréments rencontrés. Votre feedback est crucial pour nous.",3
4823,4822,"Votre satisfaction est importante, et nous espérons regagner votre confiance à l'avenir.",3
4824,4821,"Il est regrettable que vous ayez eu une mauvaise expérience. Nous prenons vos commentaires très au sérieux.",3
4825,4824,"Nous souhaitons discuter davantage avec vous pour rectifier la situation. N'hésitez pas à nous contacter.",3
4826,0,"Mauvaise expérience globale, service à revoir.",3
4827,4826,"Nous sommes profondément désolés pour les désagréments rencontrés. Votre feedback est crucial pour nous.",3
4828,4827,"Votre satisfaction est importante, et nous espérons regagner votre confiance à l'avenir.",3
4829,4826,"Il est regrettable que vous ayez eu une mauvaise expérience. Nous prenons vos commentaires très au sérieux.",3
4830,4829,"Nous souhaitons discuter davantage avec vous pour rectifier la situation. N'hésitez pas à nous contacter.",3
4831,0,"Déçu par plusieurs aspects de mon séjour, je ne pense pas revenir.",3
4832,4831,"Il est regrettable que vous ayez eu une mauvaise expérience. Nous prenons vos commentaires très au sérieux.",3
4833,4832,"Votre satisfaction est importante, et nous espérons regagner votre confiance à l'avenir.",3
4834,4831,"Il est regrettable que vous ayez eu une mauvaise expérience. Nous prenons vos commentaires très au sérieux.",3
4835,4834,"Nous souhaitons discuter davantage avec vous pour rectifier la situation. N'hésitez pas à nous contacter.",3
4836,0,"Mauvaise expérience globale, service à revoir.",3
4837,4836,"Il est regrettable que vous ayez eu une mauvaise expérience. Nous prenons vos commentaires très au sérieux.",3
4838,4837,"Nous souhaitons discuter davantage avec vous pour rectifier la situation. N'hésitez pas à nous contacter.",3
4839,4836,"Il est regrettable que vous ayez eu une mauvaise expérience. Nous prenons vos commentaires très au sérieux.",3
4840,4839,"Nous souhaitons discuter davantage avec vous pour rectifier la situation. N'hésitez pas à nous contacter.",3
4841,0,"Pas à la hauteur de mes attentes, surtout au niveau de l'accueil et des services.",3
4842,4841,"Nous sommes profondément désolés pour les désagréments rencontrés. Votre feedback est crucial pour nous.",3
4843,4842,"Nous souhaitons discuter davantage avec vous pour rectifier la situation. N'hésitez pas à nous contacter.",3
4844,4841,"Nous sommes profondément désolés pour les désagréments rencontrés. Votre feedback est crucial pour nous.",3
4845,4844,"Nous souhaitons discuter davantage avec vous pour rectifier la situation. N'hésitez pas à nous contacter.",3
4846,0,"Déçu par plusieurs aspects de mon séjour, je ne pense pas revenir.",3
4847,4846,"Il est regrettable que vous ayez eu une mauvaise expérience. Nous prenons vos commentaires très au sérieux.",3
4848,4847,"Nous souhaitons discuter davantage avec vous pour rectifier la situation. N'hésitez pas à nous contacter.",3
4849,4846,"Nous sommes profondément désolés pour les désagréments rencontrés. Votre feedback est crucial pour nous.",3
4850,4849,"Votre satisfaction est importante, et nous espérons regagner votre confiance à l'avenir.",3
4851,0,"Mauvaise expérience globale, service à revoir.",3
4852,4851,"Il est regrettable que vous ayez eu une mauvaise expérience. Nous prenons vos commentaires très au sérieux.",3
4853,4852,"Nous souhaitons discuter davantage avec vous pour rectifier la situation. N'hésitez pas à nous contacter.",3
4854,4851,"Nous sommes profondément désolés pour les désagréments rencontrés. Votre feedback est crucial pour nous.",3
4855,4854,"Votre satisfaction est importante, et nous espérons regagner votre confiance à l'avenir.",3
4856,0,"Déçu par plusieurs aspects de mon séjour, je ne pense pas revenir.",3
4857,4856,"Nous sommes profondément désolés pour les désagréments rencontrés. Votre feedback est crucial pour nous.",3
4858,4857,"Votre satisfaction est importante, et nous espérons regagner votre confiance à l'avenir.",3
4859,4856,"Nous sommes profondément désolés pour les désagréments rencontrés. Votre feedback est crucial pour nous.",3
4860,4859,"Nous souhaitons discuter davantage avec vous pour rectifier la situation. N'hésitez pas à nous contacter.",3
4861,0,"Déçu par plusieurs aspects de mon séjour, je ne pense pas revenir.",3
4862,4861,"Nous sommes profondément désolés pour les désagréments rencontrés. Votre feedback est crucial pour nous.",3
4863,4862,"Votre satisfaction est importante, et nous espérons regagner votre confiance à l'avenir.",3
4864,4861,"Il est regrettable que vous ayez eu une mauvaise expérience. Nous prenons vos commentaires très au sérieux.",3
4865,4864,"Nous souhaitons discuter davantage avec vous pour rectifier la situation. N'hésitez pas à nous contacter.",3
4866,0,"Pas à la hauteur de mes attentes, surtout au niveau de l'accueil et des services.",3
4867,4866,"Il est regrettable que vous ayez eu une mauvaise expérience. Nous prenons vos commentaires très au sérieux.",3
4868,4867,"Nous souhaitons discuter davantage avec vous pour rectifier la situation. N'hésitez pas à nous contacter.",3
4869,4866,"Il est regrettable que vous ayez eu une mauvaise expérience. Nous prenons vos commentaires très au sérieux.",3
4870,4869,"Nous souhaitons discuter davantage avec vous pour rectifier la situation. N'hésitez pas à nous contacter.",3
4871,0,"Mauvaise expérience globale, service à revoir.",3
4872,4871,"Nous sommes profondément désolés pour les désagréments rencontrés. Votre feedback est crucial pour nous.",3
4873,4872,"Votre satisfaction est importante, et nous espérons regagner votre confiance à l'avenir.",3
4874,4871,"Nous sommes profondément désolés pour les désagréments rencontrés. Votre feedback est crucial pour nous.",3
4875,4874,"Nous souhaitons discuter davantage avec vous pour rectifier la situation. N'hésitez pas à nous contacter.",3
4876,0,"Déçu par plusieurs aspects de mon séjour, je ne pense pas revenir.",3
4877,4876,"Il est regrettable que vous ayez eu une mauvaise expérience. Nous prenons vos commentaires très au sérieux.",3
4878,4877,"Nous souhaitons discuter davantage avec vous pour rectifier la situation. N'hésitez pas à nous contacter.",3
4879,4876,"Il est regrettable que vous ayez eu une mauvaise expérience. Nous prenons vos commentaires très au sérieux.",3
4880,4879,"Votre satisfaction est importante, et nous espérons regagner votre confiance à l'avenir.",3
4881,0,"Pas à la hauteur de mes attentes, surtout au niveau de l'accueil et des services.",3
4882,4881,"Nous sommes profondément désolés pour les désagréments rencontrés. Votre feedback est crucial pour nous.",3
4883,4882,"Nous souhaitons discuter davantage avec vous pour rectifier la situation. N'hésitez pas à nous contacter.",3
4884,4881,"Nous sommes profondément désolés pour les désagréments rencontrés. Votre feedback est crucial pour nous.",3
4885,4884,"Votre satisfaction est importante, et nous espérons regagner votre confiance à l'avenir.",3
4886,0,"Mauvaise expérience globale, service à revoir.",3
4887,4886,"Il est regrettable que vous ayez eu une mauvaise expérience. Nous prenons vos commentaires très au sérieux.",3
4888,4887,"Nous souhaitons discuter davantage avec vous pour rectifier la situation. N'hésitez pas à nous contacter.",3
4889,4886,"Il est regrettable que vous ayez eu une mauvaise expérience. Nous prenons vos commentaires très au sérieux.",3
4890,4889,"Votre satisfaction est importante, et nous espérons regagner votre confiance à l'avenir.",3
4891,0,"Pas à la hauteur de mes attentes, surtout au niveau de l'accueil et des services.",3
4892,4891,"Il est regrettable que vous ayez eu une mauvaise expérience. Nous prenons vos commentaires très au sérieux.",3
4893,4892,"Votre satisfaction est importante, et nous espérons regagner votre confiance à l'avenir.",3
4894,4891,"Nous sommes profondément désolés pour les désagréments rencontrés. Votre feedback est crucial pour nous.",3
4895,4894,"Votre satisfaction est importante, et nous espérons regagner votre confiance à l'avenir.",3
4896,0,"Déçu par plusieurs aspects de mon séjour, je ne pense pas revenir.",3
4897,4896,"Nous sommes profondément désolés pour les désagréments rencontrés. Votre feedback est crucial pour nous.",3
4898,4897,"Nous souhaitons discuter davantage avec vous pour rectifier la situation. N'hésitez pas à nous contacter.",3
4899,4896,"Il est regrettable que vous ayez eu une mauvaise expérience. Nous prenons vos commentaires très au sérieux.",3
4900,4899,"Nous souhaitons discuter davantage avec vous pour rectifier la situation. N'hésitez pas à nous contacter.",3
4901,0,"Pas à la hauteur de mes attentes, surtout au niveau de l'accueil et des services.",3
4902,4901,"Nous sommes profondément désolés pour les désagréments rencontrés. Votre feedback est crucial pour nous.",3
4903,4902,"Nous souhaitons discuter davantage avec vous pour rectifier la situation. N'hésitez pas à nous contacter.",3
4904,4901,"Nous sommes profondément désolés pour les désagréments rencontrés. Votre feedback est crucial pour nous.",3
4905,4904,"Nous souhaitons discuter davantage avec vous pour rectifier la situation. N'hésitez pas à nous contacter.",3
4906,0,"Pas à la hauteur de mes attentes, surtout au niveau de l'accueil et des services.",3
4907,4906,"Nous sommes profondément désolés pour les désagréments rencontrés. Votre feedback est crucial pour nous.",3
4908,4907,"Nous souhaitons discuter davantage avec vous pour rectifier la situation. N'hésitez pas à nous contacter.",3
4909,4906,"Nous sommes profondément désolés pour les désagréments rencontrés. Votre feedback est crucial pour nous.",3
4910,4909,"Votre satisfaction est importante, et nous espérons regagner votre confiance à l'avenir.",3
4911,0,"Mauvaise expérience globale, service à revoir.",3
4912,4911,"Il est regrettable que vous ayez eu une mauvaise expérience. Nous prenons vos commentaires très au sérieux.",3
4913,4912,"Votre satisfaction est importante, et nous espérons regagner votre confiance à l'avenir.",3
4914,4911,"Nous sommes profondément désolés pour les désagréments rencontrés. Votre feedback est crucial pour nous.",3
4915,4914,"Nous souhaitons discuter davantage avec vous pour rectifier la situation. N'hésitez pas à nous contacter.",3
4916,0,"Mauvaise expérience globale, service à revoir.",3
4917,4916,"Il est regrettable que vous ayez eu une mauvaise expérience. Nous prenons vos commentaires très au sérieux.",3
4918,4917,"Votre satisfaction est importante, et nous espérons regagner votre confiance à l'avenir.",3
4919,4916,"Nous sommes profondément désolés pour les désagréments rencontrés. Votre feedback est crucial pour nous.",3
4920,4919,"Nous souhaitons discuter davantage avec vous pour rectifier la situation. N'hésitez pas à nous contacter.",3
4921,0,"Pas à la hauteur de mes attentes, surtout au niveau de l'accueil et des services.",3
4922,4921,"Nous sommes profondément désolés pour les désagréments rencontrés. Votre feedback est crucial pour nous.",3
4923,4922,"Nous souhaitons discuter davantage avec vous pour rectifier la situation. N'hésitez pas à nous contacter.",3
4924,4921,"Il est regrettable que vous ayez eu une mauvaise expérience. Nous prenons vos commentaires très au sérieux.",3
4925,4924,"Nous souhaitons discuter davantage avec vous pour rectifier la situation. N'hésitez pas à nous contacter.",3
4926,0,"Déçu par plusieurs aspects de mon séjour, je ne pense pas revenir.",3
4927,4926,"Il est regrettable que vous ayez eu une mauvaise expérience. Nous prenons vos commentaires très au sérieux.",3
4928,4927,"Votre satisfaction est importante, et nous espérons regagner votre confiance à l'avenir.",3
4929,4926,"Il est regrettable que vous ayez eu une mauvaise expérience. Nous prenons vos commentaires très au sérieux.",3
4930,4929,"Votre satisfaction est importante, et nous espérons regagner votre confiance à l'avenir.",3
4931,0,"Déçu par plusieurs aspects de mon séjour, je ne pense pas revenir.",3
4932,4931,"Il est regrettable que vous ayez eu une mauvaise expérience. Nous prenons vos commentaires très au sérieux.",3
4933,4932,"Votre satisfaction est importante, et nous espérons regagner votre confiance à l'avenir.",3
4934,4931,"Il est regrettable que vous ayez eu une mauvaise expérience. Nous prenons vos commentaires très au sérieux.",3
4935,4934,"Nous souhaitons discuter davantage avec vous pour rectifier la situation. N'hésitez pas à nous contacter.",3
4936,0,"Déçu par plusieurs aspects de mon séjour, je ne pense pas revenir.",3
4937,4936,"Nous sommes profondément désolés pour les désagréments rencontrés. Votre feedback est crucial pour nous.",3
4938,4937,"Votre satisfaction est importante, et nous espérons regagner votre confiance à l'avenir.",3
4939,4936,"Il est regrettable que vous ayez eu une mauvaise expérience. Nous prenons vos commentaires très au sérieux.",3
4940,4939,"Nous souhaitons discuter davantage avec vous pour rectifier la situation. N'hésitez pas à nous contacter.",3
4941,0,"Mauvaise expérience globale, service à revoir.",3
4942,4941,"Nous sommes profondément désolés pour les désagréments rencontrés. Votre feedback est crucial pour nous.",3
4943,4942,"Nous souhaitons discuter davantage avec vous pour rectifier la situation. N'hésitez pas à nous contacter.",3
4944,4941,"Nous sommes profondément désolés pour les désagréments rencontrés. Votre feedback est crucial pour nous.",3
4945,4944,"Votre satisfaction est importante, et nous espérons regagner votre confiance à l'avenir.",3
4946,0,"Déçu par plusieurs aspects de mon séjour, je ne pense pas revenir.",3
4947,4946,"Nous sommes profondément désolés pour les désagréments rencontrés. Votre feedback est crucial pour nous.",3
4948,4947,"Votre satisfaction est importante, et nous espérons regagner votre confiance à l'avenir.",3
4949,4946,"Nous sommes profondément désolés pour les désagréments rencontrés. Votre feedback est crucial pour nous.",3
4950,4949,"Nous souhaitons discuter davantage avec vous pour rectifier la situation. N'hésitez pas à nous contacter.",3
4951,0,"Déçu par plusieurs aspects de mon séjour, je ne pense pas revenir.",3
4952,4951,"Il est regrettable que vous ayez eu une mauvaise expérience. Nous prenons vos commentaires très au sérieux.",3
4953,4952,"Nous souhaitons discuter davantage avec vous pour rectifier la situation. N'hésitez pas à nous contacter.",3
4954,4951,"Nous sommes profondément désolés pour les désagréments rencontrés. Votre feedback est crucial pour nous.",3
4955,4954,"Votre satisfaction est importante, et nous espérons regagner votre confiance à l'avenir.",3
4956,0,"Mauvaise expérience globale, service à revoir.",3
4957,4956,"Il est regrettable que vous ayez eu une mauvaise expérience. Nous prenons vos commentaires très au sérieux.",3
4958,4957,"Nous souhaitons discuter davantage avec vous pour rectifier la situation. N'hésitez pas à nous contacter.",3
4959,4956,"Nous sommes profondément désolés pour les désagréments rencontrés. Votre feedback est crucial pour nous.",3
4960,4959,"Nous souhaitons discuter davantage avec vous pour rectifier la situation. N'hésitez pas à nous contacter.",3
4961,0,"Pas à la hauteur de mes attentes, surtout au niveau de l'accueil et des services.",3
4962,4961,"Il est regrettable que vous ayez eu une mauvaise expérience. Nous prenons vos commentaires très au sérieux.",3
4963,4962,"Votre satisfaction est importante, et nous espérons regagner votre confiance à l'avenir.",3
4964,4961,"Il est regrettable que vous ayez eu une mauvaise expérience. Nous prenons vos commentaires très au sérieux.",3
4965,4964,"Votre satisfaction est importante, et nous espérons regagner votre confiance à l'avenir.",3
4966,0,"Pas à la hauteur de mes attentes, surtout au niveau de l'accueil et des services.",3
4967,4966,"Il est regrettable que vous ayez eu une mauvaise expérience. Nous prenons vos commentaires très au sérieux.",3
4968,4967,"Votre satisfaction est importante, et nous espérons regagner votre confiance à l'avenir.",3
4969,4966,"Il est regrettable que vous ayez eu une mauvaise expérience. Nous prenons vos commentaires très au sérieux.",3
4970,4969,"Votre satisfaction est importante, et nous espérons regagner votre confiance à l'avenir.",3
4971,0,"Déçu par plusieurs aspects de mon séjour, je ne pense pas revenir.",3
4972,4971,"Nous sommes profondément désolés pour les désagréments rencontrés. Votre feedback est crucial pour nous.",3
4973,4972,"Votre satisfaction est importante, et nous espérons regagner votre confiance à l'avenir.",3
4974,4971,"Il est regrettable que vous ayez eu une mauvaise expérience. Nous prenons vos commentaires très au sérieux.",3
4975,4974,"Nous souhaitons discuter davantage avec vous pour rectifier la situation. N'hésitez pas à nous contacter.",3
4976,0,"Déçu par plusieurs aspects de mon séjour, je ne pense pas revenir.",3
4977,4976,"Il est regrettable que vous ayez eu une mauvaise expérience. Nous prenons vos commentaires très au sérieux.",3
4978,4977,"Nous souhaitons discuter davantage avec vous pour rectifier la situation. N'hésitez pas à nous contacter.",3
4979,4976,"Il est regrettable que vous ayez eu une mauvaise expérience. Nous prenons vos commentaires très au sérieux.",3
4980,4979,"Votre satisfaction est importante, et nous espérons regagner votre confiance à l'avenir.",3
4981,0,"Pas à la hauteur de mes attentes, surtout au niveau de l'accueil et des services.",3
4982,4981,"Nous sommes profondément désolés pour les désagréments rencontrés. Votre feedback est crucial pour nous.",3
4983,4982,"Nous souhaitons discuter davantage avec vous pour rectifier la situation. N'hésitez pas à nous contacter.",3
4984,4981,"Nous sommes profondément désolés pour les désagréments rencontrés. Votre feedback est crucial pour nous.",3
4985,4984,"Nous souhaitons discuter davantage avec vous pour rectifier la situation. N'hésitez pas à nous contacter.",3
4986,0,"Déçu par plusieurs aspects de mon séjour, je ne pense pas revenir.",3
4987,4986,"Il est regrettable que vous ayez eu une mauvaise expérience. Nous prenons vos commentaires très au sérieux.",3
4988,4987,"Nous souhaitons discuter davantage avec vous pour rectifier la situation. N'hésitez pas à nous contacter.",3
4989,4986,"Il est regrettable que vous ayez eu une mauvaise expérience. Nous prenons vos commentaires très au sérieux.",3
4990,4989,"Nous souhaitons discuter davantage avec vous pour rectifier la situation. N'hésitez pas à nous contacter.",3
4991,0,"Pas à la hauteur de mes attentes, surtout au niveau de l'accueil et des services.",3
4992,4991,"Nous sommes profondément désolés pour les désagréments rencontrés. Votre feedback est crucial pour nous.",3
4993,4992,"Votre satisfaction est importante, et nous espérons regagner votre confiance à l'avenir.",3
4994,4991,"Nous sommes profondément désolés pour les désagréments rencontrés. Votre feedback est crucial pour nous.",3
4995,4994,"Votre satisfaction est importante, et nous espérons regagner votre confiance à l'avenir.",3
